l5e1,l5e2,l5e3,l5e4,l5e5,l5e6,l5e7,l5e8,l7e1,l7e2,l7e3,l7e4,l7e5,l7e6,l7e7,l7e8,maj_class
1012,1207,417,1117,1176,668,1686,1703,1047,1338,968,997,892,964,1317,1687,297
883,1013,1488,1056,1218,1422,1152,1011,1078,1276,1436,937,1484,961,1214,890,879
977,379,1304,809,1661,1177,1604,1293,1050,1307,970,1026,1190,886,1290,1561,333
677,925,419,1352,997,1744,1240,934,1301,1444,816,1040,1147,1000,1413,1119,148
1744,1096,1289,1109,923,710,1102,787,1202,1122,1165,1073,1219,829,1219,1451,28
816,1516,863,1201,1132,1637,1188,618,1129,1549,1261,984,1256,999,1131,971,472
1744,1520,1387,1149,1094,315,890,464,1005,1512,739,1154,904,1019,1185,1700,991
959,774,736,931,1155,1649,1410,1613,1128,1567,1351,1145,735,937,1434,962,485
1233,1338,718,1421,1245,1251,1373,701,1085,1419,922,994,999,877,1540,1444,307
659,1612,634,1361,1308,1045,1449,844,1120,1683,735,1070,885,835,1548,1365,351
469,1602,1233,1666,1385,891,1007,629,909,1335,1654,744,1597,886,917,1086,645
1289,1179,474,1228,1166,1486,1410,703,1113,1428,976,1173,742,1164,1343,1341,143
1744,1298,1239,832,958,778,1077,955,1087,1486,1163,834,1149,901,1121,1511,390
819,1275,565,1056,1340,1101,1635,1348,1025,1325,893,1025,1049,930,1307,1650,361
540,1253,461,1689,1413,1744,990,661,1101,1438,1073,1017,1425,936,1315,969,540
1588,578,623,1363,1368,1439,1455,789,1121,1485,1513,1087,1054,921,1363,680,783
721,855,538,1217,1107,1744,1356,980,1350,1356,803,1065,1125,1067,1389,1125,148
608,1514,1070,1310,967,1744,1079,838,1193,1427,1261,979,1420,931,1158,911,472
837,1502,428,1241,923,794,1715,1677,1107,1480,882,961,768,960,1355,1680,297
669,1744,577,1359,1156,979,1578,840,1275,1598,712,1110,806,921,1695,1115,351
734,1398,1374,1425,942,1422,1036,949,1126,1261,1464,839,1517,813,1138,1122,879
822,624,1466,669,1630,1033,1486,1488,1019,1258,1067,885,1400,887,1243,1438,333
1353,1586,824,1397,1023,1017,1221,652,973,1481,1137,873,1118,854,1351,1464,307
1744,1512,1203,1158,938,402,905,637,971,1496,999,1014,963,978,1162,1652,991
1273,1216,721,1264,1194,1398,1311,745,1039,1330,885,1233,829,1137,1320,1507,143
952,1011,616,805,898,1670,1186,1731,1096,1477,1591,1122,829,892,1321,945,485
946,1520,576,908,1256,959,1741,1267,1078,1279,912,918,957,1025,1326,1638,361
1744,1553,910,1035,1086,435,1241,894,1275,1344,1092,1129,995,779,1184,1482,28
494,1662,1230,1547,1359,1133,1086,580,1063,1381,1433,910,1395,1023,1087,988,645
735,748,792,1271,1169,1744,1243,1070,1147,1449,1062,1048,1245,977,1253,1099,148
516,1090,680,1656,1410,1744,1003,730,1062,1514,1087,995,1495,897,1252,964,540
1459,646,829,1325,964,1617,1236,1009,1206,1425,1664,885,1141,886,1208,808,783
1665,1509,915,820,902,823,1084,1137,1046,1385,1087,1021,1203,945,1121,1472,390
1131,538,1452,690,1332,1013,1514,1424,1059,1227,1206,964,1347,792,1218,1467,333
813,1324,1362,1308,1166,1445,908,919,1164,1272,1442,950,1283,945,1228,996,879
587,1744,609,1379,1146,934,1297,978,1227,1583,817,1012,854,834,1616,1337,351
1155,1636,869,1261,896,1310,1300,650,1107,1382,1129,956,936,903,1301,1536,307
725,1480,450,968,993,713,1743,1515,1172,1352,914,922,895,898,1368,1597,297
1008,968,580,1045,874,1603,1092,1744,1159,1458,1521,1101,710,938,1463,930,485
978,1168,433,1367,1346,1507,1423,703,1137,1382,739,1192,747,1229,1461,1393,143
590,1450,784,1047,1304,873,1621,1557,986,1402,929,900,1106,935,1252,1654,361
1744,1654,1355,1042,1050,301,801,499,941,1480,953,1088,974,952,1138,1699,991
681,1708,759,1247,902,1631,1221,871,1186,1459,1138,1128,1254,1003,1179,933,472
652,1003,503,1265,1254,1744,1171,899,1254,1272,892,1060,1348,993,1372,1089,148
1744,1336,1052,1328,839,677,1043,912,1234,1160,1023,1098,1065,862,1191,1607,28
575,1744,1471,1450,1165,759,869,805,872,1234,1744,748,1611,895,933,1025,645
1296,640,786,1337,1127,1393,1435,1224,1038,1324,1550,1003,1175,841,1308,864,783
1744,1490,1269,847,867,691,993,1055,1109,1365,1260,885,1237,977,1206,1241,390
561,1099,588,1713,1343,1698,1101,715,1095,1530,1000,954,1473,846,1262,1092,540
1030,859,1328,680,1345,846,1533,1526,953,1186,1235,882,1483,846,1147,1548,333
689,1358,1156,1205,1136,1627,1135,932,1107,1327,1423,962,1404,947,1169,941,879
492,1702,540,1274,1118,1213,1475,1067,1165,1529,745,1090,833,881,1621,1369,351
935,1391,512,1039,1268,897,1563,1396,1084,1402,936,963,851,1071,1341,1612,361
831,1341,416,1433,1059,1665,1531,768,1194,1392,909,1149,794,1049,1368,1425,143
698,695,704,1288,1134,1744,1190,1122,1267,1403,799,1005,1229,1029,1459,1089,148
1662,777,947,1375,861,1360,1188,1033,1085,1390,1619,1060,1120,830,1245,764,783
945,1167,883,1241,784,1744,1131,944,1149,1460,1245,957,1282,1008,1261,918,472
1744,1429,1053,1304,750,516,977,1034,1222,1151,1003,1043,1145,815,1234,1592,28
375,1571,1322,1642,1385,1004,966,732,840,1252,1702,785,1656,1021,903,949,645
1247,1620,849,1392,963,981,1402,552,1084,1281,1044,1007,1082,911,1350,1517,307
886,1304,412,1032,1048,740,1673,1687,1145,1249,1033,864,968,969,1284,1650,297
1744,1578,1140,1078,934,284,889,579,986,1522,962,1085,908,903,1167,1637,991
1063,894,832,833,841,1643,1125,1735,1103,1266,1524,1006,949,971,1373,922,485
875,616,1600,660,1451,918,1566,1408,1019,1417,1254,932,1316,878,1179,1285,333
1744,1433,1358,814,907,857,1017,792,1109,1325,1255,905,1163,1055,1119,1349,390
724,1339,1244,1368,1141,1412,1046,912,1113,1300,1577,961,1446,866,1178,839,879
468,977,551,1662,1517,1725,1379,565,1091,1543,1125,1031,1279,941,1329,941,540
953,1098,704,1060,1205,1200,1529,1496,1029,1375,785,983,1065,921,1332,1691,361
1208,1631,493,1201,1139,1500,1280,690,1115,1307,869,1121,777,1153,1403,1529,143
1719,1338,742,1396,799,746,1107,901,1363,1188,979,1110,1003,824,1320,1493,28
676,1744,677,1241,1299,712,1298,956,1180,1591,724,1074,879,872,1597,1363,351
1208,549,505,1485,1127,1408,1651,1094,1118,1644,1511,1157,953,878,1311,701,783
1532,1333,638,1445,958,1169,1382,744,1060,1317,1043,945,1125,856,1374,1541,307
1744,1542,1357,1140,919,498,852,465,980,1429,819,1119,922,972,1224,1626,991
1121,929,622,921,916,1696,1330,1580,1158,1454,1484,1093,728,899,1421,969,485
705,1568,450,1103,983,717,1712,1621,1096,1420,939,940,898,958,1202,1707,297
612,685,594,1409,1120,1744,1181,1113,1229,1322,962,1084,1229,1011,1373,1070,148
654,1597,924,1397,991,1621,933,699,1107,1483,1291,994,1350,985,1103,967,472
358,1744,1074,1744,1184,787,1021,588,898,1401,1710,823,1568,944,930,848,645
1729,1560,1222,984,807,838,1107,781,1057,1382,1312,1012,1188,947,1132,1250,390
771,1315,1170,1512,1036,1513,967,837,1159,1242,1424,877,1478,925,1146,1029,879
1744,1378,1195,1192,797,518,1190,1049,1235,1108,1113,999,1211,780,1192,1565,28
519,1215,423,1668,1506,1681,1110,586,1065,1520,1002,1088,1357,906,1261,1081,540
1235,1188,462,1231,1020,1609,1515,689,1138,1465,869,1207,636,1129,1447,1389,143
668,1742,691,1424,1046,1041,1299,1060,1161,1602,768,966,865,888,1610,1406,351
826,1349,585,1035,1307,1144,1556,1344,1095,1325,892,937,990,955,1387,1604,361
1084,624,1500,678,1469,792,1595,1500,1059,1223,1171,994,1371,866,1142,1454,333
1437,1622,692,1283,1129,975,1261,745,1105,1408,1142,982,1044,888,1317,1394,307
1744,1628,1375,1087,947,200,810,564,1006,1457,851,1170,890,971,1177,1648,991
735,1582,778,1288,919,1744,1150,737,1131,1390,1296,1037,1323,1031,1140,932,472
1212,574,473,1535,1284,1570,1495,1100,1097,1417,1598,1065,1064,807,1331,779,783
799,1488,369,1113,1045,693,1744,1570,1169,1378,1041,931,812,963,1261,1647,297
949,1247,671,874,875,1524,1115,1701,1112,1364,1517,1166,783,981,1357,1000,485
1715,1201,1165,1226,830,611,1108,932,1278,1229,995,1078,1044,811,1261,1584,28
755,950,437,1513,1083,1744,1105,879,1195,1303,858,1090,1312,1051,1345,1126,148
1744,1528,1142,890,985,559,1196,902,1025,1464,1298,986,1014,994,1135,1364,390
752,1310,1418,1296,1082,1615,854,953,1056,1124,1613,875,1580,853,1131,1036,879
833,1672,566,958,1241,716,1706,1308,1084,1430,1012,966,955,956,1367,1510,361
335,1733,1275,1594,1349,710,1144,681,896,1447,1602,818,1505,1055,928,869,645
1291,1435,441,1210,1054,1641,1385,689,1064,1364,941,1201,703,1191,1380,1436,143
848,1744,539,1400,1274,1086,1146,896,1085,1613,785,1145,819,922,1513,1398,351
867,642,1611,654,1346,1118,1602,1293,1118,1277,1155,1020,1292,882,1279,1257,333
1300,1656,701,1334,1191,978,1448,579,1057,1226,1230,892,1122,868,1268,1617,307
1164,943,720,893,934,1640,1107,1744,1083,1360,1491,1111,867,1016,1349,954,485
1706,1044,1324,1264,932,901,1057,732,1306,1194,1153,1086,1119,794,1282,1346,28
1073,1239,429,1178,958,903,1623,1689,1034,1331,893,907,999,897,1176,1744,297
1236,749,731,1449,1077,1446,1374,1218,1100,1299,1730,1043,1159,929,1302,673,783
672,1730,868,1211,882,1714,1218,736,1136,1364,1367,988,1319,1131,1068,907,472
421,1744,1426,1544,1211,821,1090,618,1002,1426,1663,873,1497,911,887,904,645
483,1297,648,1607,1512,1744,1082,560,1037,1583,1034,1132,1299,904,1256,997,540
1744,1546,1358,1072,1005,309,921,538,954,1526,779,1169,871,1017,1163,1703,991
727,1340,1238,1141,1233,1521,1180,889,1097,1284,1402,921,1513,889,1166,1008,879
636,1528,684,1016,1260,901,1628,1478,1143,1481,926,908,945,941,1276,1652,361
628,979,383,1199,1156,1744,1463,852,1357,1400,894,1033,1090,1139,1377,990,148
1682,1132,1117,1112,874,854,888,1162,994,1417,1369,900,1237,883,1209,1271,390
629,1710,580,1236,1221,1347,1355,845,1108,1619,756,1046,759,886,1642,1345,351
1089,1522,758,1308,917,1259,1426,603,1045,1321,1025,1055,1086,945,1379,1398,307
967,406,1477,747,1380,1140,1685,1401,1060,1237,1144,923,1434,881,1294,1307,333
1035,1182,569,1277,1154,1672,1500,826,1115,1425,924,1168,752,1046,1471,1379,143
815,1045,665,1047,896,1618,1304,1744,1100,1473,1502,1054,796,1003,1272,1080,485
1672,1417,1073,1353,764,588,1145,961,1313,1119,1076,1044,1019,858,1267,1577,28
1127,1161,328,1174,1049,823,1741,1631,1105,1379,852,907,823,929,1286,1717,297
1500,610,486,1436,1163,1292,1363,1223,1047,1498,1666,1166,1027,859,1231,736,783
622,1744,1441,1588,959,933,995,679,930,1269,1683,714,1565,879,944,1130,645
501,1129,524,1672,1570,1744,1070,602,1017,1567,1015,1114,1355,846,1321,962,540
763,898,555,1363,1120,1744,1069,987,1215,1291,758,1132,1270,1150,1362,1102,148
624,1430,1130,1380,1035,1706,921,922,1150,1407,1290,880,1477,926,1225,925,472
770,1496,766,902,1246,1075,1548,1450,1053,1272,856,1019,991,985,1490,1575,361
1744,1596,1052,1199,971,277,944,655,966,1578,928,1142,879,954,1157,1652,991
1640,1280,1318,972,909,626,924,1130,1138,1363,1215,841,1199,934,1101,1489,390
628,1407,1350,1068,958,1642,997,982,1069,1316,1438,928,1477,882,1046,1058,879
1089,917,557,912,1062,1605,1176,1673,1037,1479,1467,1175,802,975,1448,897,485
1236,1183,413,1292,1151,1570,1513,737,1156,1388,838,1243,632,1141,1529,1348,143
1326,1680,626,1488,806,1330,1353,652,1090,1250,1013,1007,951,1021,1426,1522,307
928,411,1345,708,1389,1089,1738,1432,1063,1285,1207,972,1400,845,1190,1318,333
644,1744,580,1534,1233,936,1197,885,1225,1549,767,1123,773,881,1620,1316,351
481,1681,1354,1629,1140,812,1014,725,968,1253,1728,808,1559,954,988,946,645
817,1302,402,1033,875,794,1744,1711,1171,1313,879,881,842,966,1350,1744,297
1743,1147,1130,1112,1143,617,1203,966,1199,1262,1077,1079,1061,848,1282,1460,28
1313,697,557,1614,1360,1217,1467,786,1034,1648,1602,931,1206,693,1316,792,783
601,1173,520,1697,1260,1744,1178,532,1150,1486,1139,957,1344,870,1326,1008,540
1744,1601,1179,1082,1093,230,981,491,1012,1582,840,1167,818,997,1176,1613,991
788,1259,610,1061,1336,1069,1627,1452,1017,1339,946,918,1035,1000,1244,1677,361
1129,1242,469,1406,1197,1623,1402,618,1090,1307,1050,1225,744,1133,1517,1214,143
713,1092,1278,1311,1194,1589,1147,928,1017,1263,1546,917,1465,871,1164,993,879
963,1064,533,956,1048,1668,1212,1611,1127,1494,1587,1038,840,960,1268,913,485
639,919,525,1277,982,1744,1368,776,1256,1294,815,1121,1265,1140,1415,974,148
744,1602,875,1158,826,1730,1227,811,1110,1319,1382,978,1326,1050,1168,947,472
609,1744,732,1398,1133,859,1417,835,1171,1534,909,1041,869,839,1563,1306,351
1744,1386,959,902,860,881,1172,1076,1042,1489,1211,1073,1027,1013,1137,1283,390
371,1699,1360,1569,1362,907,1060,641,914,1348,1727,773,1563,915,902,975,645
1705,1384,780,1366,910,838,1215,840,1257,1148,1076,1077,1140,778,1339,1465,28
773,1043,398,940,1178,776,1744,1711,1108,1425,848,847,932,951,1373,1675,297
1322,1495,750,1493,1093,1247,1081,746,1048,1237,1127,834,1215,838,1294,1656,307
849,616,1629,669,1555,903,1606,1424,1080,1317,1029,991,1243,893,1238,1454,333
559,996,541,1658,1468,1732,1267,592,1091,1406,1056,1034,1486,901,1228,1078,540
1410,489,667,1240,1306,1452,1537,1060,1038,1502,1607,1135,1108,868,1301,687,783
1744,1509,1266,1032,1288,365,970,593,983,1559,749,1135,926,933,1185,1660,991
920,1605,547,1047,1299,828,1553,1445,1039,1273,1125,961,1131,845,1368,1531,361
701,1486,828,1140,1133,1646,1263,784,1108,1430,1329,969,1350,1018,1140,936,472
528,1231,1337,1206,1209,1579,1149,951,1140,1396,1446,880,1361,870,1243,907,879
814,901,359,1304,1154,1715,1589,720,1145,1300,701,1285,734,1300,1407,1408,143
1021,1106,788,1082,749,1684,1080,1624,1082,1298,1673,1031,965,913,1293,1015,485
742,990,575,1291,1226,1744,1043,1069,1260,1293,1006,905,1355,1032,1353,1076,148
811,620,1472,799,1599,1003,1493,1309,1119,1295,1069,983,1245,921,1373,1275,333
673,1729,545,1310,1178,1198,1201,982,1186,1547,725,1035,870,813,1648,1430,351
481,1714,1189,1693,1173,966,964,752,888,1396,1689,808,1558,914,978,1049,645
1744,1382,946,1224,917,652,1183,850,1268,1120,1110,1149,1037,934,1246,1416,28
1367,1391,728,1458,1061,1144,1231,701,1080,1229,1165,1005,1075,917,1355,1369,307
1004,1133,397,1016,1125,807,1744,1679,1072,1232,996,824,989,888,1184,1732,297
1744,1528,871,1048,878,637,1022,979,1120,1347,1225,926,1156,929,1230,1347,390
1472,737,663,1483,1064,1430,1354,1020,968,1412,1596,1029,1210,841,1218,924,783
426,1229,453,1744,1415,1744,1073,574,1067,1435,999,1153,1475,967,1247,937,540
1744,1722,1397,1056,972,381,863,533,948,1527,870,1172,793,1072,1088,1692,991
1093,1115,525,1209,1337,1608,1424,841,1082,1428,796,1277,717,1163,1507,1299,143
769,1382,1289,1229,1178,1559,1058,795,1129,1378,1429,863,1367,916,1158,950,879
646,1319,732,1145,1409,1063,1556,1353,1033,1353,904,979,1158,907,1287,1602,361
593,1715,708,1475,1083,1061,1308,986,1187,1617,760,969,1010,801,1549,1348,351
845,417,1646,515,1461,946,1735,1465,1096,1258,1224,934,1378,883,1162,1345,333
809,1700,778,1274,1046,1692,1102,602,1131,1430,1409,933,1273,1095,1138,871,472
1030,789,546,907,1006,1632,1235,1690,1150,1527,1321,1169,592,1042,1554,923,485
721,913,646,1407,1020,1744,1246,976,1222,1483,1028,975,1209,995,1268,1100,148
1706,1425,1111,1216,874,512,1164,828,1234,1271,1272,1054,1063,758,1185,1443,28
937,1286,314,1054,1043,997,1673,1661,1104,1490,874,1040,758,1028,1312,1657,297
1265,1411,541,1477,1128,1167,1246,705,1110,1262,914,944,1043,906,1455,1614,307
485,1393,548,1707,1325,1744,1141,599,1033,1478,948,1104,1385,961,1408,963,540
477,1691,1416,1586,1396,815,899,768,918,1316,1711,756,1653,919,905,1007,645
1369,676,629,1305,1265,1546,1450,1018,999,1519,1699,1011,1184,813,1235,711,783
1744,1496,1292,1131,1152,393,790,563,987,1440,895,1222,930,1001,1056,1698,991
1591,1413,901,1052,911,889,1259,965,1065,1510,1202,885,1122,856,1184,1456,390
835,1243,523,1446,1072,1565,1521,711,1134,1361,1019,1145,762,1104,1435,1320,143
681,1087,1255,1258,1197,1507,1054,1076,1169,1305,1463,921,1471,874,1123,924,879
759,1708,583,964,1306,723,1719,1252,1162,1214,876,991,1067,944,1347,1611,361
734,678,698,1267,1007,1744,1355,930,1242,1373,825,1074,1196,1096,1369,1105,148
1046,476,1509,657,1505,1004,1642,1265,1146,1195,1178,896,1335,936,1318,1276,333
994,1158,577,840,988,1551,1295,1603,1044,1409,1484,1213,738,986,1440,956,485
534,1744,460,1413,1019,1237,1364,769,1090,1585,862,1072,753,1077,1641,1200,351
544,1695,672,1269,1021,1728,1044,838,1099,1261,1308,1069,1414,988,1048,1093,472
927,1336,419,1099,1003,879,1630,1735,1044,1339,979,1032,961,968,1193,1726,297
1744,1040,1104,1174,977,548,1230,959,1261,1157,1133,1109,1102,704,1263,1523,28
1240,1691,641,1397,773,1163,1313,576,985,1385,1074,853,1124,958,1180,1610,307
461,1379,546,1725,1355,1744,976,723,1124,1469,1127,1003,1397,956,1258,946,540
1607,514,610,1466,1039,1456,1441,1037,1052,1459,1611,1043,1149,765,1207,977,783
346,1707,1286,1684,1331,788,1087,684,866,1357,1594,840,1542,1048,997,966,645
761,1643,867,1229,828,1709,1179,1005,1125,1430,1282,922,1386,1046,1101,988,472
664,1174,1301,1357,1122,1608,1112,929,1058,1421,1372,976,1418,937,1156,942,879
878,1240,732,1053,1382,921,1611,1376,1110,1291,959,894,1034,980,1366,1592,361
1130,1327,473,1362,1242,1587,1346,753,1120,1407,850,1125,769,1147,1360,1502,143
1744,1164,1215,879,968,825,1035,922,1126,1453,1216,884,1130,961,1148,1362,390
700,1090,480,1348,970,1744,1201,880,1245,1277,875,1105,1225,1052,1443,1058,148
939,1136,530,858,834,1729,1165,1648,1057,1592,1440,1109,740,1043,1373,926,485
1744,1020,890,1219,1055,769,1034,1038,1311,1089,1052,1011,1065,830,1338,1584,28
1065,616,1459,686,1289,1069,1679,1405,1047,1358,1104,965,1280,823,1290,1413,333
1744,1744,1058,990,996,431,929,516,964,1557,783,1212,818,969,1249,1659,991
1612,1327,685,1401,732,1035,1409,841,1087,1467,1019,955,1117,892,1229,1508,307
969,1501,360,1107,1033,553,1744,1641,1120,1317,951,879,928,981,1271,1720,297
789,1672,572,1605,974,944,1310,1004,1215,1526,818,1071,871,904,1598,1277,351
438,1664,1287,1615,1332,1116,1136,575,936,1385,1690,805,1534,986,910,1009,645
498,1278,546,1739,1137,1728,1169,585,1075,1346,1144,867,1555,885,1325,1057,540
1282,585,478,1554,1434,1290,1664,965,1005,1572,1574,1064,1121,830,1393,706,783
890,918,612,923,907,1670,1252,1729,1073,1504,1399,1163,776,915,1396,1054,485
781,1335,1040,1500,851,1643,851,1035,1045,1292,1557,871,1487,886,1072,1033,879
1734,1325,1051,947,900,887,1192,1004,1054,1438,1198,980,1073,1001,1243,1293,390
730,1010,372,1221,1101,1744,1217,940,1262,1303,985,1105,1210,1065,1291,1059,148
761,1697,481,1004,1176,829,1704,1300,1118,1414,940,1051,917,965,1447,1428,361
1392,1520,362,1243,880,1620,1399,767,1159,1495,806,1156,667,1060,1373,1558,143
740,1561,903,1375,895,1679,1013,950,1009,1444,1399,876,1455,1000,1080,1017,472
1651,1368,829,1332,925,687,1065,898,1304,1116,947,1210,956,902,1421,1424,28
1105,647,1383,779,1204,1014,1643,1482,1035,1204,1181,952,1440,819,1175,1474,333
827,1360,351,1056,1029,714,1744,1673,1164,1390,967,905,848,994,1270,1671,297
457,1618,1325,1520,1088,860,1129,794,912,1349,1740,853,1496,976,877,977,645
1288,1651,545,1261,865,1128,1341,708,1111,1323,1113,1002,937,869,1321,1562,307
1744,1402,1329,972,1051,326,814,695,984,1351,872,1255,780,1037,1266,1642,991
530,1706,707,1484,1302,1067,1189,1040,1146,1580,792,958,965,852,1589,1351,351
935,869,606,1063,1223,1270,1378,1744,1148,1425,1407,1156,852,960,1537,795,485
460,1317,611,1744,1365,1708,1075,587,1082,1457,1160,1046,1424,909,1287,915,540
1321,481,725,1429,973,1658,1346,1113,1060,1383,1619,1146,1047,954,1254,714,783
752,1144,1143,1275,1078,1644,1111,1106,1140,1264,1508,876,1527,846,1127,989,879
1230,1399,453,1356,1108,1380,1389,778,1167,1412,775,1172,676,1171,1493,1414,143
1744,1252,886,1134,948,1002,1077,929,1036,1416,1178,1019,1157,1028,1211,1235,390
727,778,510,1429,947,1744,1324,1001,1186,1417,913,1058,1332,982,1308,1084,148
549,1744,1313,1708,1101,900,943,677,817,1353,1719,796,1641,962,800,932,645
725,990,550,1066,1509,943,1697,1538,981,1484,970,896,1029,934,1263,1679,361
1744,1191,1233,1243,920,497,1130,912,1234,1012,1115,1091,1266,743,1193,1568,28
812,1497,720,1260,990,1701,1184,730,1128,1341,1311,908,1436,1013,1091,1052,472
869,833,673,1007,1093,1597,1265,1728,1117,1508,1458,1123,828,947,1418,881,485
968,718,1452,707,1338,739,1629,1509,1035,1273,1231,899,1361,839,1157,1485,333
566,1176,776,1574,1499,1737,1143,547,1097,1595,891,985,1421,922,1429,940,540
1176,1279,719,1369,1304,1087,1389,792,1074,1415,1106,938,1046,831,1223,1630,307
637,1685,658,1423,1303,947,1213,1017,1199,1428,930,967,1033,882,1471,1370,351
1424,1239,542,1344,887,1579,1381,628,1221,1301,860,1092,816,1054,1457,1479,143
1744,1520,1285,1041,1114,335,824,678,935,1484,889,1074,1010,950,1065,1728,991
1027,1120,1255,1280,1051,1646,957,824,1108,1167,1429,995,1436,890,1175,1066,879
1293,638,733,1302,1094,1655,1414,1015,1051,1499,1660,987,1078,890,1210,832,783
1035,1430,448,1103,893,849,1659,1648,1141,1312,1008,1002,904,952,1315,1631,297
789,1636,592,1002,1167,581,1622,1516,1080,1375,973,932,1073,964,1208,1565,361
613,1171,428,1389,967,1744,1071,967,1318,1335,898,1078,1256,1110,1299,986,148
1712,1023,1413,1196,908,850,947,1058,1203,1126,1048,1057,1165,897,1296,1488,28
406,1697,1451,1743,1297,807,880,622,964,1274,1679,809,1590,934,974,845,645
1199,450,1676,573,1491,807,1473,1397,1029,1175,1125,1034,1433,904,1175,1398,333
1738,1504,1305,1074,800,696,890,994,1005,1317,1364,869,1368,872,1079,1406,390
677,1498,870,1144,931,1744,1041,769,1153,1385,1316,1023,1263,1022,1213,905,472
838,866,759,925,988,1654,1132,1744,1116,1340,1480,1116,832,942,1382,1072,485
1529,1135,821,1415,1069,1153,1320,791,995,1323,1049,998,1180,813,1297,1625,307
1224,792,536,1551,1150,1357,1509,1066,1053,1485,1525,1174,1062,940,1307,728,783
489,1698,613,1273,1181,1191,1410,853,1220,1563,826,1076,861,880,1612,1215,351
1744,1666,1114,1118,1078,427,888,547,913,1538,998,988,980,986,1109,1697,991
456,1413,653,1744,1179,1744,1033,660,1123,1465,1177,947,1558,812,1196,1002,540
895,859,703,1438,1048,1744,1000,1060,1208,1295,1048,1067,1249,1043,1361,1009,148
1096,1528,483,1112,1138,1606,1454,670,1120,1412,1024,1114,809,1085,1352,1364,143
779,1283,493,1009,1019,897,1720,1734,1067,1374,885,1005,890,984,1332,1659,297
759,1685,860,1294,902,1665,1052,783,1055,1265,1416,945,1485,1021,1127,966,472
727,1237,928,1451,1317,1656,969,941,1061,1338,1440,857,1577,932,1091,962,879
1744,1067,1145,1275,871,705,907,876,1218,1038,1234,1067,1171,769,1285,1479,28
1097,969,575,788,951,1676,1287,1691,1124,1445,1531,1132,729,912,1314,1056,485
1362,694,486,1429,1163,1583,1358,943,1058,1569,1630,1089,1079,954,1134,721,783
381,1744,1347,1502,1423,856,1016,690,941,1417,1656,870,1476,935,1035,911,645
869,1472,653,942,1364,815,1516,1306,970,1239,1083,978,1109,902,1205,1705,361
1744,1588,1118,1260,1097,352,812,543,953,1615,1001,1107,889,869,1123,1604,991
846,545,1331,725,1607,939,1659,1475,1043,1315,1140,967,1322,862,1212,1419,333
622,1691,671,1419,1107,991,1441,984,1136,1665,937,903,954,824,1520,1341,351
1162,1285,463,1344,1187,1635,1336,667,1082,1456,1097,1132,875,1034,1220,1384,143
632,1194,575,1712,1359,1744,1077,597,1062,1453,1075,990,1437,1016,1229,994,540
1476,1162,770,1418,1223,1071,1329,773,1178,1354,944,874,1100,866,1399,1544,307
1744,1663,769,968,922,797,1170,946,1047,1498,1281,989,1072,996,1168,1229,390
792,1408,977,1394,853,1663,1118,899,1093,1342,1377,944,1439,1073,1125,887,472
683,848,662,1360,1084,1744,1039,1018,1312,1241,907,1059,1334,993,1348,1086,148
641,1015,1283,1351,1134,1523,1051,1218,1006,1372,1398,1016,1476,940,1193,879,879
1744,1421,1067,1173,1051,582,1037,749,1253,1268,1246,1165,997,834,1274,1243,28
974,1411,461,1010,1078,884,1683,1473,1108,1441,927,915,803,893,1278,1706,297
686,1383,734,943,1383,786,1736,1541,1101,1431,845,865,1048,930,1386,1650,361
1070,1124,508,1456,1102,1628,1340,879,1203,1401,923,1111,801,1092,1424,1325,143
1104,943,522,835,1093,1649,1341,1615,1139,1421,1507,1142,803,904,1428,904,485
416,1744,1333,1645,1200,850,966,704,821,1391,1744,693,1564,920,906,970,645
1090,591,1281,608,1495,908,1648,1493,1056,1191,1194,959,1351,817,1298,1414,333
1049,1734,834,1318,926,778,1377,684,998,1366,1264,943,1154,856,1149,1535,307
1206,562,760,1448,1029,1674,1337,1153,1009,1399,1614,997,1129,889,1260,919,783
722,1697,747,1394,1234,1140,1093,898,1190,1523,638,1078,873,950,1584,1444,351
1744,1658,1243,1204,1035,264,834,585,940,1663,801,1086,837,1018,1097,1716,991
527,1134,587,1731,1195,1744,1144,588,1103,1421,1046,1030,1488,987,1309,896,540
883,1647,937,1196,820,1632,1055,751,1165,1304,1463,944,1429,992,1077,906,472
1744,1501,957,1008,911,872,1102,788,1059,1576,1220,982,1072,1000,1126,1245,390
568,1744,650,1411,1281,1051,1348,956,1124,1574,817,993,864,928,1624,1340,351
801,1070,1379,1249,1243,1538,951,872,1073,1244,1648,749,1631,745,1004,1076,879
1112,960,554,978,933,1690,1348,1643,1096,1487,1496,1114,740,966,1407,974,485
854,1453,321,1192,1029,819,1612,1479,1123,1334,912,985,811,962,1349,1611,297
789,839,736,1288,1250,1744,1114,958,1299,1281,1008,1078,1252,980,1375,1007,148
862,585,1577,632,1409,975,1634,1429,1111,1316,1050,915,1312,902,1187,1487,333
993,1402,637,1506,1108,1318,1351,705,1017,1468,974,1042,1003,836,1459,1481,307
1744,1734,1127,1172,1087,272,895,608,982,1634,832,1070,817,891,1209,1677,991
546,1183,404,1678,1487,1744,1265,537,1132,1588,986,1093,1326,930,1359,825,540
1738,1175,1079,1186,1041,719,1244,860,1242,1210,1119,1098,1066,917,1321,1307,28
496,1744,1072,1712,1157,637,1010,635,920,1365,1735,830,1502,1021,855,995,645
798,1495,639,879,1379,796,1651,1283,1116,1398,924,1008,911,924,1388,1566,361
1176,1644,444,1292,967,1653,1401,603,1148,1320,926,1153,820,1069,1382,1462,143
750,1574,893,1236,964,1680,1014,918,1113,1272,1276,1011,1409,926,1243,1030,472
579,1622,624,1392,1252,1154,1338,974,1122,1557,723,1030,974,901,1499,1474,351
1744,1353,1032,819,1020,981,1135,919,1039,1587,1206,977,1123,942,1146,1256,390
1207,472,786,1504,1205,1525,1495,1036,1110,1497,1558,1101,1034,919,1353,696,783
608,770,590,1356,1122,1744,1384,1045,1218,1370,823,1030,1275,1116,1465,983,148
957,1362,582,1148,920,746,1668,1618,1088,1265,976,868,1152,955,1217,1703,297
1040,996,763,854,793,1724,1078,1673,1115,1347,1481,1172,760,924,1358,1123,485
837,628,1487,708,1561,1097,1586,1201,1038,1312,1033,906,1394,847,1280,1470,333
1744,1585,1251,1086,1138,328,809,678,930,1537,914,1226,896,1046,1176,1555,991
1315,1363,555,1500,1205,1144,1287,661,1028,1229,974,981,1132,897,1305,1651,307
629,1302,1152,1330,1331,1549,1177,791,1078,1284,1453,855,1519,880,1155,1036,879
827,1353,705,1043,1320,1077,1596,1289,1045,1382,888,983,1003,997,1341,1602,361
695,1203,447,1710,1435,1720,1072,584,1079,1427,1081,995,1417,901,1357,1023,540
643,1648,668,1390,1016,1744,958,719,1109,1307,1440,969,1400,1095,1033,927,472
912,1285,531,1412,1114,1667,1397,703,1079,1372,843,1247,824,1196,1417,1302,143
1744,1131,1149,1340,1016,627,1147,900,1218,1194,1018,1039,1154,863,1226,1551,28
445,1744,1287,1567,1334,918,1086,619,843,1339,1655,825,1653,925,937,1022,645
528,1578,640,1492,1365,1306,1306,1020,1110,1700,710,995,968,822,1499,1452,351
884,1355,407,1166,967,771,1689,1677,1129,1456,837,887,857,916,1340,1714,297
1742,1585,1165,953,735,776,1129,824,1108,1402,1285,968,1272,908,1067,1270,390
681,947,599,1310,1054,1744,1129,1007,1235,1270,966,1049,1253,1099,1371,1037,148
880,1701,748,1292,910,1599,1082,833,1125,1262,1424,1026,1277,973,1306,887,472
1044,797,492,964,1009,1708,1214,1629,1077,1404,1539,1140,839,940,1366,975,485
813,874,1396,1154,1134,1660,936,1201,1164,1188,1364,919,1507,892,1204,1033,879
723,556,1529,712,1405,1092,1632,1509,1019,1328,1195,1005,1318,862,1221,1332,333
531,1137,473,1665,1520,1744,926,621,1142,1513,994,1158,1307,1039,1316,811,540
1446,721,592,1521,1167,1399,1360,1004,1035,1505,1600,1066,1153,876,1183,848,783
921,1327,582,949,1309,971,1596,1375,1121,1341,990,940,1065,932,1267,1608,361
1674,938,1371,1155,947,644,1136,937,1198,1189,1184,1151,1129,861,1259,1309,28
1744,1588,1273,1216,921,277,833,710,937,1608,815,1113,840,1000,1162,1691,991
1198,1057,470,1456,1042,1656,1303,877,1041,1344,759,1257,758,1180,1380,1536,143
1015,1281,457,1118,958,895,1681,1636,1064,1328,986,942,933,956,1347,1700,297
1392,1381,576,1441,869,1327,1340,716,983,1327,1016,931,1104,894,1323,1635,307
874,1713,656,1334,1103,1191,1215,1074,1158,1562,732,1140,887,856,1525,1392,351
461,1744,1104,1722,1317,964,1027,611,928,1291,1651,805,1556,900,1039,887,645
888,439,1463,599,1493,1193,1647,1288,1020,1308,1035,1104,1291,829,1300,1393,333
624,1013,541,1255,1144,1744,1321,908,1271,1402,995,1007,1293,962,1374,976,148
1047,887,560,906,1234,1359,1263,1744,1088,1436,1333,1059,811,942,1469,1142,485
1297,1402,494,1308,977,1396,1366,792,1203,1235,970,1023,920,1091,1381,1457,143
753,1449,645,963,1449,719,1713,1473,1087,1417,833,962,987,950,1436,1608,361
1703,1120,1228,1048,849,631,1188,1076,1158,1119,1111,1029,1154,865,1372,1472,28
1721,1355,1165,972,844,838,1026,972,1025,1590,1115,976,1155,950,1161,1306,390
650,1068,1344,1321,1168,1638,985,991,1140,1197,1500,876,1628,725,1081,1103,879
1358,569,712,1642,1070,1598,1401,843,994,1494,1636,984,1237,818,1197,757,783
1744,1475,1392,1009,1052,205,840,708,978,1578,752,1173,823,1055,1346,1555,991
784,1685,763,1248,1168,1449,1169,812,1130,1383,1290,985,1279,999,1096,1118,472
808,1235,410,1104,1034,842,1744,1649,1151,1390,907,920,850,933,1317,1668,297
586,1729,789,1408,1215,1154,1204,921,1170,1608,857,1086,906,837,1483,1288,351
1357,1437,684,1305,1013,1131,1466,700,1018,1553,1021,1002,982,884,1294,1525,307
1009,507,1569,684,1464,944,1525,1440,1044,1219,1081,983,1427,830,1282,1414,333
577,1182,513,1661,1446,1744,1110,569,1113,1557,1011,1050,1374,904,1371,900,540
444,1744,1177,1562,1235,997,1191,649,967,1351,1697,748,1593,976,927,945,645
1227,1108,444,1400,936,1648,1443,744,1143,1388,991,1076,813,1047,1376,1446,143
1038,1506,561,1167,1147,883,1534,1259,1078,1365,906,1076,962,961,1391,1541,361
696,779,490,1169,1258,1744,1319,1016,1282,1396,918,1053,1179,1046,1380,1026,148
1744,1391,1229,761,1015,792,1009,940,1092,1352,1045,985,1098,992,1267,1420,390
1115,1094,726,789,847,1642,1005,1742,1158,1438,1462,1019,820,955,1412,1016,485
1422,457,640,1499,1129,1436,1540,983,1135,1504,1602,1049,986,826,1314,864,783
614,1129,1166,1253,1206,1603,1250,1023,1120,1342,1411,946,1422,895,1144,1000,879
767,1395,804,1221,967,1661,1278,842,1154,1356,1126,1033,1290,1119,1273,929,472
1744,1509,1560,899,1077,139,827,587,984,1400,853,1113,945,982,1165,1706,991
1744,1299,921,1293,821,748,1164,841,1317,1223,1044,1049,993,847,1443,1364,28
1226,1482,676,1436,1040,965,1406,648,1086,1341,917,1062,1014,909,1415,1533,307
897,1196,483,1084,955,809,1676,1648,1065,1363,804,954,889,987,1368,1710,297
859,519,1482,657,1575,947,1744,1418,1036,1379,1032,1014,1339,851,1268,1361,333
536,1093,629,1710,1282,1744,1184,574,1096,1466,1042,910,1474,991,1334,967,540
401,1735,1257,1610,1251,724,1060,695,922,1418,1689,884,1534,987,933,846,645
568,1744,683,1307,1136,1070,1413,827,1164,1575,768,1023,841,862,1640,1381,351
804,1437,722,1097,1228,844,1569,1402,1131,1418,915,992,959,979,1368,1518,361
1345,393,625,1282,1349,1514,1671,1014,1045,1573,1469,1041,1041,933,1334,804,783
1145,1493,435,1123,1103,1696,1383,646,1109,1446,938,1160,715,1124,1302,1482,143
689,820,566,1380,1243,1744,1114,989,1236,1321,914,966,1293,1017,1378,1155,148
853,1074,509,973,1047,1622,1279,1696,1067,1442,1431,1088,797,995,1459,1001,485
1744,1662,1397,1010,828,205,915,745,978,1520,885,1064,946,948,1084,1744,991
669,936,1354,1253,1252,1564,1212,975,1119,1322,1466,855,1449,848,1183,1002,879
1744,1013,1331,774,825,745,1023,1076,1084,1296,1329,904,1173,936,1223,1310,390
827,1730,751,1213,830,1676,1235,703,1149,1408,1388,955,1276,1032,1193,879,472
1740,1021,1306,1273,895,639,1228,853,1288,1050,1002,1195,1065,822,1356,1502,28
697,1272,697,1639,1288,1658,1057,673,1014,1308,1142,1023,1455,962,1298,1078,540
766,1667,658,1368,1210,1344,1070,841,1180,1644,764,1020,800,873,1531,1461,351
1263,1326,774,1518,757,1187,1391,845,1048,1237,1079,861,1151,910,1270,1664,307
1232,1111,505,1283,1168,1665,1307,742,1096,1374,870,1130,780,1095,1447,1488,143
1024,560,1506,600,1555,738,1545,1512,1028,1204,1094,899,1484,851,1130,1586,333
784,1314,468,1090,966,718,1721,1548,1152,1232,872,929,904,1024,1316,1696,297
876,902,780,958,1053,1609,1200,1703,1119,1444,1565,1082,876,872,1276,965,485
837,1234,1280,1199,1038,1590,925,1064,1062,1175,1551,894,1618,756,1240,969,879
696,1508,826,1008,1171,969,1601,1430,1133,1384,861,936,1041,876,1330,1648,361
793,996,520,1220,1209,1744,1236,884,1264,1296,911,1081,1212,1051,1421,1044,148
1744,1447,1272,1122,981,393,921,672,930,1578,880,1108,946,968,1140,1661,991
371,1742,1362,1685,1130,905,1064,643,911,1351,1637,911,1494,1073,892,987,645
1468,701,790,1343,1101,1326,1361,1066,1091,1277,1607,1106,1191,890,1263,689,783
1666,1298,1067,1332,924,654,1085,896,1245,1088,1161,1088,1238,690,1149,1591,28
474,1131,470,1742,1335,1744,1045,590,1069,1481,1033,1050,1354,1047,1233,1013,540
1662,1390,1129,875,1045,750,1210,887,1054,1500,1254,891,1064,957,1086,1474,390
703,1628,820,1490,1056,1621,1016,857,1119,1419,1296,1029,1343,1003,1168,903,472
1015,955,467,1140,905,1005,1662,1680,1207,1272,852,914,970,820,1229,1744,297
1575,1744,732,1376,865,808,1339,512,1120,1392,1162,869,1033,929,1290,1485,307
689,1744,559,1256,1172,1098,1227,764,1164,1568,821,1126,814,969,1619,1197,351
1066,1193,535,1259,1171,1688,1460,758,1177,1433,771,1188,776,1076,1390,1469,143
762,1362,1228,1220,1046,1504,870,1040,1039,1251,1641,885,1527,963,1137,837,879
802,1311,911,957,1449,859,1374,1492,1097,1283,865,875,1112,874,1403,1679,361
621,957,676,1479,990,1744,1094,1088,1327,1290,804,1012,1277,921,1416,1233,148
428,1723,1208,1576,1334,917,1077,694,893,1479,1603,749,1515,1034,997,963,645
757,503,1597,599,1516,1135,1637,1512,1049,1192,1035,914,1372,925,1128,1665,333
1744,1642,1366,1012,965,329,852,437,1041,1432,788,1153,857,1042,1253,1675,991
1539,580,642,1229,1124,1419,1518,1092,1069,1487,1738,917,1272,726,1140,835,783
1009,1001,681,822,832,1619,1221,1716,1098,1337,1514,1143,769,1028,1360,979,485
493,1117,484,1622,1361,1744,1196,606,1137,1440,1003,1068,1300,1098,1326,908,540
817,1126,461,1000,1089,692,1744,1744,1069,1304,947,913,938,994,1260,1744,297
1673,1646,834,1023,1012,768,935,800,1045,1369,1197,994,1147,988,1159,1381,390
1744,1240,1139,1201,922,559,1155,917,1189,1270,1009,1081,1124,775,1191,1573,28
761,1615,815,1233,858,1744,959,858,1169,1211,1405,934,1434,966,1160,1001,472
1331,1574,628,1428,1117,1058,1184,689,1032,1367,1115,862,1044,887,1293,1562,307
750,1248,1119,1267,1203,1643,1092,755,1060,1414,1157,1040,1309,979,1206,1115,879
1042,1472,508,1291,988,1439,1582,680,1114,1342,878,1169,813,1136,1446,1382,143
877,1442,713,890,1311,899,1649,1333,1134,1244,886,903,988,964,1478,1587,361
722,1744,733,1537,1061,802,1319,1061,1091,1528,747,1031,965,887,1504,1495,351
743,867,598,1313,1093,1744,1406,923,1257,1478,999,977,1149,1045,1258,1115,148
1215,496,1521,670,1392,892,1611,1222,1065,1329,1198,911,1282,898,1237,1360,333
474,1620,1453,1584,1398,939,919,652,934,1392,1609,910,1482,911,979,980,645
1742,1608,1411,1043,961,262,773,567,947,1469,902,1096,936,983,1151,1625,991
1744,1431,1011,1178,1029,519,1292,839,1268,1228,1122,1031,1100,838,1239,1454,28
888,950,824,973,758,1732,1121,1744,1035,1453,1545,1129,748,998,1392,980,485
1520,586,786,1439,1008,1477,1234,1126,1132,1359,1648,963,1073,870,1217,973,783
911,1416,511,1102,968,674,1678,1672,999,1296,1092,857,1035,922,1134,1744,297
725,1476,800,1111,930,1604,1363,1034,1160,1314,1317,897,1332,1063,1211,986,472
1254,1374,695,1261,921,1485,1396,769,1140,1285,974,814,1073,860,1435,1694,307
467,1121,490,1686,1569,1744,1215,624,997,1586,902,1205,1361,1014,1321,863,540
1621,1549,1228,1043,764,968,815,1049,1132,1388,1209,860,1213,937,1126,1415,390
1039,1129,1414,1360,959,1551,916,868,988,1245,1471,992,1480,802,1103,1199,879
791,1453,717,1001,1160,832,1641,1320,1173,1296,1006,886,1100,969,1363,1487,361
683,1135,476,1292,1182,1744,1170,871,1311,1303,1036,986,1297,940,1375,1032,148
669,1744,664,1589,1083,1128,1014,890,1139,1448,817,1079,985,887,1521,1404,351
356,1738,1279,1571,1470,981,978,724,950,1506,1653,772,1482,902,1018,956,645
996,930,630,924,991,1629,1170,1744,1089,1405,1626,972,879,919,1290,1083,485
1744,1553,1412,1077,996,352,756,617,935,1389,909,1029,1148,911,1164,1640,991
1744,1121,1029,1247,917,820,1167,820,1210,1154,1172,1130,1112,843,1235,1424,28
1141,1314,456,1392,1171,1696,1302,655,1075,1385,926,1196,754,1180,1291,1473,143
1354,556,563,1458,1076,1562,1425,1068,1133,1410,1534,1025,1040,853,1263,935,783
1148,1698,574,1525,921,1077,1303,689,1038,1371,1119,948,1014,965,1232,1569,307
798,1456,456,1078,1023,810,1744,1674,1172,1368,991,821,979,880,1292,1713,297
867,529,1390,659,1604,955,1623,1337,968,1238,1215,970,1479,864,1140,1406,333
724,1525,823,1288,1044,1729,1010,817,1136,1476,1167,999,1368,1076,1169,889,472
834,1188,1273,1190,1092,1632,791,1096,1086,1143,1390,965,1502,958,1129,1107,879
665,1305,596,1718,1212,1744,1012,632,1073,1409,1033,1064,1427,973,1327,974,540
1744,1529,1058,1028,1045,445,1139,516,961,1510,931,1140,842,994,1114,1612,991
1603,1438,1023,1077,919,901,1080,1045,1021,1483,1207,935,1133,969,1114,1418,390
1122,508,454,1543,1146,1654,1541,1116,1130,1497,1481,1050,953,950,1349,868,783
1050,1162,498,1036,904,929,1718,1654,1070,1293,984,877,891,933,1293,1694,297
693,1629,642,1112,1357,1027,1496,1236,1105,1319,1002,1009,977,1003,1376,1489,361
1631,1364,603,1283,1099,1223,1393,684,1084,1390,1159,1006,942,882,1293,1524,307
948,1016,747,942,931,1594,1148,1701,1126,1426,1362,1122,847,914,1429,1054,485
418,1744,1130,1744,1203,1047,995,579,943,1525,1677,784,1509,945,930,957,645
1407,1138,507,1333,1103,1572,1304,719,1084,1331,742,1281,693,1166,1402,1581,143
1112,589,1410,726,1408,1125,1595,1315,1039,1311,1226,920,1370,788,1175,1451,333
644,721,445,1473,908,1744,1296,1008,1282,1348,955,962,1327,1053,1342,1011,148
721,1717,700,1460,1094,1092,1293,936,1145,1506,788,1003,962,946,1452,1478,351
1744,1353,941,1173,927,724,1131,895,1286,1171,1082,1159,1015,810,1281,1476,28
393,1157,654,1678,1283,1744,1118,543,1154,1527,960,1093,1349,990,1292,915,540
908,1451,819,1256,900,1724,1138,711,1121,1295,1398,983,1360,1023,1126,968,472
1168,446,669,1331,1321,1597,1513,1000,1066,1381,1608,1023,1091,891,1434,786,783
460,1744,1433,1561,1293,933,989,659,901,1303,1705,810,1598,1009,895,948,645
1268,1659,616,1583,1044,1023,1359,610,1035,1310,1093,990,1128,768,1243,1694,307
677,1141,1273,1339,1096,1576,953,1069,1056,1222,1472,918,1422,864,1143,1125,879
498,875,570,1382,1137,1744,1228,1047,1266,1405,841,1006,1303,1032,1411,1015,148
1744,1559,1370,1159,1085,249,790,539,977,1519,899,1069,890,969,1230,1682,991
1744,1252,1088,941,846,902,969,849,1127,1368,1124,905,1198,903,1165,1472,390
1293,1173,654,1341,1107,1589,1220,859,1075,1183,804,1186,853,1186,1369,1547,143
682,1352,577,1104,1228,1108,1701,1380,1078,1402,793,893,1006,943,1385,1696,361
1655,1225,1332,1236,901,815,1049,912,1219,1249,1166,1064,1132,779,1220,1451,28
961,1240,563,979,977,720,1744,1668,1106,1409,1008,815,934,904,1282,1735,297
1035,957,608,1144,783,1724,1215,1666,1051,1408,1638,1104,894,936,1253,980,485
530,1744,619,1454,1193,1010,1282,938,1126,1690,959,991,910,905,1499,1192,351
986,723,1485,662,1554,907,1470,1493,1055,1294,1056,977,1338,902,1294,1364,333
750,1511,779,1373,1004,1679,1102,686,1099,1398,1396,984,1354,997,1129,923,472
560,1396,477,1667,1413,1741,1075,505,1041,1570,970,1021,1311,979,1359,1029,540
1340,1185,446,1377,891,1744,1394,712,1215,1265,811,1153,712,1077,1556,1491,143
431,1744,1269,1620,1339,980,952,470,934,1404,1720,792,1549,1011,886,953,645
1744,1514,1279,1111,1024,301,839,544,967,1502,829,1117,941,981,1170,1693,991
789,1011,319,1307,1092,1744,1193,735,1258,1229,951,1009,1291,1159,1275,1108,148
1265,1624,737,1320,1013,981,1356,677,1023,1404,1113,940,1074,876,1233,1608,307
1537,602,880,1472,923,1403,1231,1013,1102,1363,1643,970,1125,825,1205,950,783
625,1541,622,883,1294,883,1744,1205,1078,1519,1024,935,1027,877,1361,1459,361
1744,1319,1238,863,927,687,1081,867,1042,1445,1241,901,1231,899,1061,1460,390
839,1017,384,1027,1082,1525,1335,1697,1146,1597,1491,1147,758,898,1355,877,485
593,1318,1442,1330,998,1692,987,857,1186,1327,1413,918,1409,847,1142,1038,879
1744,1329,1298,1247,902,596,1022,976,1229,1081,1171,944,1212,783,1271,1540,28
942,1502,454,1187,858,790,1671,1724,1050,1437,828,896,807,1032,1259,1744,297
677,1599,760,1589,1156,941,1259,1087,1099,1575,808,1049,981,923,1496,1349,351
756,1524,812,1419,892,1615,1237,887,1099,1348,1239,1052,1345,1120,1137,940,472
895,502,1694,585,1395,1069,1616,1351,1047,1244,1115,959,1365,912,1278,1360,333
1019,1319,513,1227,1019,1737,1579,712,1132,1373,873,1136,836,1125,1293,1452,143
522,1287,525,1685,1450,1743,1054,565,996,1536,1109,1049,1403,1033,1280,874,540
1381,450,802,1316,1269,1347,1439,1089,1125,1304,1590,1030,1077,904,1402,696,783
1744,1710,1100,1137,962,228,787,568,951,1602,838,1156,860,930,1110,1700,991
284,1744,1122,1631,1324,1006,1133,565,1038,1466,1585,855,1468,897,939,963,645
621,1433,641,1040,1216,1050,1605,1415,1078,1467,1008,907,1021,937,1376,1441,361
1406,1354,817,1442,955,1026,1315,760,1107,1372,948,936,1002,970,1359,1547,307
740,1744,599,1349,1337,1223,1141,756,1213,1691,837,1013,805,838,1534,1321,351
525,996,491,1477,935,1744,1363,870,1275,1302,803,1080,1234,1087,1446,1053,148
980,707,1602,599,1358,889,1459,1432,1025,1256,1117,845,1413,882,1193,1535,333
750,1561,1060,1143,946,1731,1000,820,1186,1239,1243,974,1391,1011,1262,974,472
1047,1088,490,885,919,1707,1044,1595,1143,1232,1489,1104,843,1006,1395,1018,485
1744,1086,1329,845,811,1018,837,1206,951,1354,1249,965,1196,977,1259,1329,390
1033,1187,1342,1202,987,1605,945,826,998,1188,1491,855,1653,858,1113,1067,879
1744,1269,1123,1255,823,686,1094,904,1235,1180,1113,1082,1122,917,1248,1356,28
798,970,450,1012,1187,817,1739,1699,1063,1465,837,885,983,901,1206,1694,297
1305,585,788,1397,1152,1415,1511,1126,1038,1567,1744,911,1158,854,1169,763,783
1741,1728,1365,1170,844,173,863,540,960,1446,857,1047,1061,961,1147,1733,991
1164,1376,415,1243,864,1728,1336,846,1201,1274,940,1138,862,1114,1305,1446,143
527,948,639,1679,1427,1735,1292,467,1057,1570,1062,952,1462,898,1350,929,540
286,1706,1394,1634,1242,855,1118,577,899,1367,1592,850,1631,1033,913,963,645
1171,1603,878,1234,1098,1217,1280,589,1052,1399,1130,830,1197,846,1359,1467,307
676,1599,814,1011,1329,761,1558,1271,980,1254,1034,875,1115,993,1261,1701,361
580,1744,502,1431,998,1296,1212,915,1173,1506,785,1070,824,890,1621,1404,351
1680,1199,1012,1279,914,943,1161,947,1263,1191,882,1187,1069,684,1409,1551,28
782,419,1489,706,1441,1284,1439,1535,993,1323,1016,975,1441,788,1292,1452,333
621,672,681,1412,1185,1744,1050,1120,1217,1319,905,1058,1256,1117,1514,894,148
665,1459,715,1264,891,1735,1326,809,1126,1527,1120,1026,1215,1013,1133,1120,472
1000,880,607,994,1020,1564,1195,1744,1088,1356,1524,1178,845,969,1450,870,485
743,1227,1221,1170,1141,1665,1053,929,1139,1193,1416,916,1376,915,1282,1043,879
1152,1357,356,1135,929,805,1711,1665,1069,1322,959,903,956,959,1214,1682,297
1468,525,670,1271,1133,1557,1626,788,1074,1504,1713,1050,1020,776,1312,803,783
446,1116,553,1699,1447,1744,1253,455,1077,1528,964,1052,1352,967,1362,978,540
1744,1744,1138,1070,1059,311,936,544,934,1655,885,1129,802,1027,1138,1669,991
1690,1334,1185,1043,986,891,1022,1041,974,1392,1194,960,1183,969,1252,1356,390
932,1323,455,1353,1172,1685,1617,543,1174,1419,922,1125,703,1150,1382,1405,143
384,1744,1261,1578,1383,672,1119,726,806,1309,1590,889,1588,1025,881,992,645
1271,1697,643,1371,1110,1161,1291,574,1040,1383,1092,1061,940,964,1412,1388,307
616,1744,626,1378,1226,1133,1286,751,1251,1455,725,1022,907,909,1728,1186,351
876,670,1536,770,1399,779,1602,1387,1071,1345,1141,864,1404,880,1124,1451,333
810,1604,883,1365,785,1554,1121,833,1179,1279,1488,875,1433,1039,1114,873,472
770,1287,537,1174,989,1744,1245,782,1236,1293,871,1141,1142,1155,1390,1052,148
668,1028,800,982,1366,1136,1674,1492,1042,1458,864,934,1067,923,1244,1658,361
1039,706,472,1553,1013,1653,1608,922,1033,1593,1570,1154,994,864,1396,669,783
879,965,1107,1107,1389,1680,1071,907,1056,1364,1385,997,1421,910,1122,1025,879
862,1326,336,1033,1164,767,1744,1666,1155,1347,871,966,894,946,1325,1670,297
1133,1189,701,909,883,1485,1062,1713,1072,1566,1539,1095,749,924,1361,974,485
1667,1560,773,1328,898,641,1123,798,1274,1223,1151,1126,1047,876,1230,1353,28
520,1200,510,1729,1534,1672,1015,594,999,1590,1100,1053,1422,913,1335,861,540
1744,1717,1210,941,1107,303,818,598,943,1490,880,1117,874,986,1260,1675,991
1722,1620,928,949,1016,752,1062,933,1060,1398,1286,846,1218,945,1164,1363,390
1204,1609,454,1315,918,1583,1543,654,1251,1473,847,1181,754,1033,1416,1319,143
696,1200,1382,1350,1032,1720,910,907,1059,1278,1426,903,1511,956,1206,910,879
358,1675,1092,1675,1185,1087,1047,614,1002,1477,1597,711,1451,941,973,1046,645
612,1636,873,1273,947,1654,1225,773,1163,1387,1361,913,1436,949,1122,949,472
543,1744,664,1306,1097,1037,1480,1096,1068,1599,698,1100,912,873,1595,1421,351
585,822,625,1379,1252,1744,1188,869,1252,1366,865,963,1338,1053,1201,1242,148
760,1036,779,1125,1379,1238,1471,1450,1012,1401,981,893,1081,953,1339,1536,361
917,736,1152,760,1381,933,1734,1472,1073,1226,1074,1007,1289,874,1275,1462,333
1414,1744,723,1450,896,1116,1136,509,1195,1219,1111,905,1102,917,1251,1580,307
1510,489,683,1399,1079,1564,1316,1127,1164,1388,1719,887,1174,782,1178,863,783
1069,1036,499,1057,862,929,1734,1720,1047,1268,930,898,974,906,1310,1730,297
1744,734,1311,1388,858,758,1061,1021,1228,1057,1121,1091,1225,793,1269,1496,28
652,1182,576,1744,1270,1744,961,669,1045,1345,960,1101,1442,1062,1404,921,540
1744,1618,1084,1094,953,372,898,695,958,1558,919,1051,889,926,1141,1707,991
1744,1422,1241,953,860,731,959,812,1075,1470,1132,986,1065,906,1233,1411,390
985,872,787,894,967,1524,1076,1744,1075,1240,1628,1121,922,1001,1437,826,485
376,1740,1091,1643,1288,1094,973,629,949,1460,1567,934,1459,914,1017,942,645
915,1372,526,1288,998,1726,1514,759,1153,1398,807,1204,751,1070,1466,1431,143
853,1096,1482,1217,1042,1462,1022,1042,1042,1214,1663,901,1563,879,1027,964,879
721,1676,752,1354,941,1708,1120,688,1111,1293,1355,1003,1365,1039,1156,958,472
732,561,1432,662,1487,988,1631,1579,1047,1314,1099,905,1417,808,1121,1538,333
1407,596,1113,1236,1183,1453,1319,881,978,1445,1639,1070,1243,812,1156,849,783
654,908,359,1386,1149,1744,1313,985,1318,1395,908,1096,1117,1028,1363,1055,148
613,1214,652,1638,1375,1744,1035,531,1033,1466,1032,1113,1426,1034,1311,865,540
532,1744,824,1278,1207,1268,1243,832,1043,1550,830,1066,990,896,1462,1443,351
1408,1712,644,1376,997,1161,1176,685,1012,1220,1002,949,1160,864,1265,1615,307
910,1338,412,1160,917,790,1711,1664,1155,1275,911,1098,812,979,1418,1605,297
618,1189,802,915,1326,1208,1627,1379,1040,1351,783,1028,1011,1010,1400,1538,361
1719,1488,921,913,792,738,1111,906,1157,1347,1097,958,1128,894,1163,1513,390
1744,1660,1171,1047,979,370,801,584,956,1489,969,1122,991,937,1156,1588,991
434,1722,1108,1642,1260,1101,966,585,921,1372,1625,787,1540,1075,964,882,645
1161,1252,448,1384,1250,1670,1154,828,1076,1323,898,1040,905,1055,1351,1585,143
1021,845,656,977,1078,1545,1198,1720,1110,1370,1437,1218,752,1072,1486,819,485
655,878,1246,1290,1287,1665,1127,889,1136,1194,1586,853,1636,765,1079,1031,879
548,1243,532,1656,1220,1741,1185,591,1134,1448,1049,994,1350,899,1336,1047,540
1089,1541,801,1370,1046,1158,1476,698,1051,1500,892,1038,1043,761,1407,1586,307
1054,805,1372,681,1312,793,1631,1479,1078,1183,1182,882,1529,840,1074,1465,333
1652,1282,1156,1129,932,722,1207,922,1253,1089,1202,1054,1156,855,1230,1441,28
752,1548,712,1255,988,1733,1199,891,1067,1332,1377,1043,1365,994,1119,983,472
1321,597,872,1404,986,1595,1373,1088,1151,1412,1495,1071,1121,870,1345,815,783
554,843,493,1477,1060,1744,1306,1000,1214,1364,778,1091,1224,1020,1384,1205,148
1069,1366,319,1059,1125,580,1697,1663,1113,1299,930,905,849,1055,1291,1686,297
632,1744,542,1368,1098,1086,1410,913,1239,1573,781,1036,800,920,1633,1298,351
1744,1367,1100,1288,906,496,859,615,965,1515,907,1147,936,967,1129,1555,991
879,936,477,1428,1211,1546,1613,887,1152,1283,837,1182,794,1083,1521,1428,143
789,949,1159,925,1492,835,1504,1562,933,1394,871,947,1213,903,1238,1638,361
523,1345,560,1719,1420,1744,849,608,1071,1392,1140,970,1581,921,1191,970,540
395,1681,1242,1744,1134,985,939,586,879,1283,1654,802,1662,881,925,1094,645
1097,727,1066,861,1028,1430,1163,1724,1083,1341,1555,1182,852,986,1349,932,485
1672,1251,1140,1148,827,1021,1129,795,1105,1485,1128,936,1126,850,1129,1513,390
787,948,539,1279,1144,1744,1081,1042,1215,1443,978,1071,1215,1049,1286,1023,148
967,632,1370,699,1568,1052,1558,1405,1022,1357,1198,954,1405,828,1085,1431,333
1303,1744,579,1420,902,1068,1244,689,1132,1273,1097,940,1084,856,1341,1557,307
816,1742,793,1191,921,1712,1126,789,1112,1323,1254,946,1470,1053,1102,1020,472
900,1213,502,1144,928,923,1683,1674,1156,1356,885,903,874,1007,1317,1707,297
1744,1308,948,1303,901,589,1149,935,1257,1171,1157,1050,1060,847,1339,1399,28
840,938,1552,1251,898,1493,1154,1009,1100,1196,1459,849,1460,934,1228,979,879
1462,574,771,1517,1157,1199,1409,1100,1045,1411,1668,867,1343,775,1230,801,783
495,1172,489,1683,1439,1638,1140,604,1126,1493,1039,977,1402,943,1329,971,540
648,1744,645,1340,1250,956,1419,944,1217,1548,724,991,770,957,1632,1441,351
802,1412,471,1110,1341,901,1650,1519,994,1312,939,962,1030,1020,1262,1675,361
582,1712,1338,1654,1194,791,1053,638,936,1280,1735,777,1591,821,958,959,645
1744,1632,1314,1068,1186,137,867,531,945,1542,823,1170,856,954,1095,1744,991
1093,1135,411,1343,1057,1655,1595,651,1210,1451,923,1169,669,1186,1498,1174,143
1744,1428,1080,800,957,901,1210,827,1125,1446,1218,912,1112,835,1311,1321,390
730,1198,465,1348,1106,1744,1048,903,1299,1139,933,1098,1278,1029,1454,1050,148
694,1692,760,1342,1028,1687,1019,774,1086,1409,1220,1031,1268,1143,1141,982,472
1011,1251,593,837,854,1618,1161,1694,1025,1379,1508,1123,739,1057,1381,1049,485
822,767,1557,665,1540,951,1521,1443,1088,1313,1115,924,1347,890,1164,1439,333
1285,1744,564,1451,997,1006,1175,577,1071,1214,1054,994,1053,862,1505,1485,307
805,1328,475,1137,1043,693,1744,1653,1077,1416,911,910,874,919,1302,1720,297
1643,865,1180,1223,804,989,1239,1018,1326,1140,992,1135,921,903,1445,1418,28
954,1235,1150,1231,1096,1690,1030,863,1168,1257,1467,908,1291,998,1176,1015,879
556,1367,482,1721,1259,1744,946,612,1090,1321,1030,1073,1420,1025,1252,1069,540
1363,589,582,1418,1083,1586,1506,955,1119,1524,1644,961,1033,927,1305,716,783
433,1671,1395,1629,1258,787,966,910,925,1316,1661,804,1615,892,944,970,645
762,1744,655,1418,1135,1028,1312,861,1145,1456,761,1031,950,824,1655,1433,351
1694,1168,1123,1052,820,822,1138,1191,1061,1421,1226,917,1128,988,1174,1365,390
474,1242,856,1123,1369,1267,1383,1516,947,1370,1077,857,1206,996,1190,1612,361
679,1221,539,1338,1012,1744,1175,835,1241,1279,791,1115,1207,1088,1426,1133,148
1744,1715,1161,1181,988,195,785,680,1028,1466,918,1048,972,933,1207,1667,991
1276,1305,489,1347,964,1680,1280,757,1125,1361,996,1154,706,1167,1449,1322,143
931,544,1618,637,1444,854,1622,1510,985,1232,1147,1016,1385,880,1201,1434,333
720,1383,1051,1331,1236,1657,994,847,1082,1327,1579,896,1367,877,1075,1077,879
727,1464,922,1226,966,1634,1262,790,1108,1473,1367,1004,1291,1017,1142,878,472
983,1338,408,1195,988,870,1708,1640,1120,1458,941,935,896,926,1318,1594,297
1744,1108,1248,1152,955,642,1081,938,1231,1118,1074,1110,1141,793,1302,1511,28
951,980,566,985,891,1721,1059,1744,1105,1433,1407,1154,807,979,1431,964,485
1505,623,864,1464,1083,1045,1382,1171,1007,1461,1609,961,1311,802,1220,742,783
1308,1560,574,1360,1233,1142,1444,589,1075,1406,1029,886,1017,929,1447,1491,307
632,1285,513,1616,1382,1744,1060,525,1111,1553,1058,1082,1257,974,1396,849,540
730,889,551,1371,919,1744,1278,829,1313,1286,955,994,1268,1088,1376,1000,148
699,1719,517,1476,1187,1082,1298,931,1228,1492,833,965,967,848,1545,1402,351
305,1729,1298,1654,1143,875,1030,680,955,1433,1488,850,1517,990,1123,918,645
769,1258,787,1021,1175,1047,1667,1382,1018,1258,936,898,1206,913,1366,1685,361
1744,1318,1373,1151,1027,432,790,567,921,1450,724,1103,982,999,1117,1744,991
1719,1533,1011,949,748,1056,896,1016,1161,1443,1227,973,1063,860,1234,1319,390
957,904,786,875,939,1703,1233,1689,1064,1545,1453,1130,768,911,1244,1165,485
1340,1594,929,1325,867,1028,1376,732,1052,1308,1007,973,1039,895,1446,1516,307
1730,861,1173,1269,847,756,1199,1062,1277,1109,1080,1024,1153,813,1245,1579,28
791,1477,496,1094,936,792,1715,1591,1156,1419,1039,899,770,994,1364,1639,297
1215,666,1708,732,1317,863,1489,1222,993,1305,1291,827,1404,870,1196,1394,333
679,1464,810,1311,1013,1574,1281,906,1128,1342,1331,953,1329,1054,1186,957,472
1049,1364,658,1021,1142,988,1455,1434,1062,1167,973,923,1033,985,1212,1697,361
616,1401,1108,1357,1107,1554,1059,856,1006,1305,1538,951,1493,852,1095,1040,879
573,1287,623,1662,1253,1744,1082,603,1063,1442,1160,994,1488,879,1312,942,540
1016,1190,604,1320,981,1645,1506,823,1160,1356,767,1260,715,1065,1491,1466,143
1418,538,944,1222,1168,1414,1520,951,1111,1396,1553,1127,1046,865,1383,799,783
397,1708,1152,1619,1311,790,1034,685,983,1477,1708,709,1500,899,861,1042,645
553,1712,576,1368,1142,1025,1257,977,1206,1562,730,1096,807,836,1627,1352,351
812,788,612,1257,935,1744,1402,1014,1253,1427,960,945,1237,965,1361,1132,148
1744,1665,1262,1128,1114,291,775,577,889,1499,1092,1022,1015,942,1086,1670,991
1626,1400,1063,959,826,975,1169,990,1063,1471,1085,957,1104,986,1222,1392,390
880,1446,411,1139,1006,769,1673,1701,994,1357,1039,819,1093,868,1087,1744,297
854,468,1386,723,1478,1018,1634,1520,1029,1305,1221,911,1487,764,1187,1376,333
1477,568,828,1365,930,1638,1282,1093,1029,1472,1600,1098,1104,849,1267,809,783
692,1699,780,1232,852,1680,1237,694,1117,1390,1383,975,1432,933,1032,1014,472
1375,1473,669,1452,878,1238,1442,614,1011,1422,1005,1030,986,910,1436,1480,307
275,1714,1439,1559,1449,935,996,763,904,1407,1702,777,1547,840,938,1038,645
1045,913,779,751,912,1708,1074,1744,1130,1367,1578,1045,844,953,1361,1002,485
1744,1239,904,1255,927,748,1198,947,1213,1255,1166,1016,1079,792,1272,1487,28
660,1161,735,1082,1293,1056,1719,1497,1038,1247,857,996,1021,968,1497,1581,361
751,1019,1483,1294,1004,1643,1028,907,1007,1151,1571,944,1598,857,1046,997,879
785,927,663,1396,1071,1695,1576,810,1001,1411,1070,1095,872,1144,1326,1361,143
1744,1685,1154,1093,979,381,938,394,969,1519,900,1134,851,1004,1203,1688,991
1743,1444,1213,870,999,729,980,953,1052,1539,1263,951,1111,845,1144,1375,390
575,1351,486,1694,1379,1694,956,669,1113,1469,1046,1044,1348,986,1323,951,540
600,1744,531,1306,1228,1180,1278,938,1139,1623,839,988,891,802,1485,1506,351
630,938,455,1360,1084,1744,1305,1036,1251,1408,941,1059,1197,1128,1384,912,148
981,1292,572,1107,999,715,1670,1698,1035,1305,887,871,1051,927,1233,1744,297
954,956,812,897,856,1718,1119,1676,1066,1400,1467,1158,896,929,1339,1020,485
1484,652,609,1492,1052,1634,1222,1040,1083,1512,1586,1121,1152,793,1195,786,783
1231,1701,965,1465,830,1157,1212,550,1072,1150,1214,959,1171,861,1252,1559,307
831,1618,815,1371,976,1637,1038,694,1140,1340,1360,1024,1356,1059,1156,845,472
1744,1185,1095,1252,819,550,864,1073,1201,1055,1305,1046,1211,795,1057,1610,28
458,1702,1370,1572,1219,905,966,707,910,1402,1744,821,1520,962,955,838,645
922,372,1515,712,1532,1144,1607,1425,1107,1344,1186,901,1196,879,1241,1426,333
725,979,1428,1162,1160,1677,1073,884,1072,1365,1589,921,1392,900,1061,979,879
699,1052,928,1016,1212,837,1670,1677,1054,1201,805,995,1127,927,1329,1706,361
1744,1632,1105,1092,951,386,938,577,907,1604,893,1144,879,948,1150,1714,991
541,1015,553,1649,1597,1744,1118,398,1156,1480,977,1116,1274,1008,1251,1018,540
678,1744,708,1358,1283,855,1170,1034,1120,1515,840,915,946,866,1548,1530,351
1744,1265,1025,922,969,1115,1322,798,1130,1542,1188,907,1070,966,1202,1275,390
397,1645,1304,1495,1190,903,1180,689,991,1334,1667,824,1480,904,910,1022,645
781,1081,463,1330,1012,1744,1269,781,1297,1403,915,1053,1155,1022,1372,1063,148
679,1546,868,1390,1017,1701,1030,695,1214,1342,1162,1052,1312,1083,1225,890,472
1346,1444,574,1371,1112,1143,1292,708,1106,1380,982,985,1067,916,1359,1485,307
1180,1194,383,1270,870,1744,1506,649,1195,1271,782,1220,802,1141,1443,1425,143
829,504,1555,681,1498,1038,1688,1384,1094,1287,1000,923,1377,844,1175,1580,333
1604,672,854,1217,966,1439,1242,966,1100,1383,1639,1063,1136,809,1270,742,783
958,1245,462,1001,944,978,1628,1739,1080,1332,933,961,894,926,1281,1726,297
1181,1138,679,973,926,1293,1116,1744,1131,1436,1532,1083,822,972,1414,890,485
1743,1087,1284,1299,858,764,1094,921,1249,1159,964,1111,1080,852,1367,1498,28
680,1116,1331,1318,1228,1651,1012,849,1123,1359,1419,1055,1379,923,1115,907,879
478,1174,515,1701,1294,1744,1368,570,1190,1464,1001,1010,1383,892,1445,893,540
1744,1622,1477,964,1036,179,785,553,879,1498,826,1154,984,954,1121,1744,991
793,1262,771,1016,1490,844,1482,1432,1043,1369,877,858,1142,979,1299,1620,361
788,1628,717,1331,1386,1119,1211,943,1144,1616,757,1019,907,821,1583,1403,351
