l5e1,l5e2,l5e3,l5e4,l5e5,l5e6,l5e7,l5e8,l7e1,l7e2,l7e3,l7e4,l7e5,l7e6,l7e7,l7e8,maj_class
1198,1074,933,1138,1123,1319,1215,1067,1080,1503,1040,1111,1003,910,1299,1334,485
1162,1025,885,1164,1225,1418,1362,1039,1055,1523,926,1093,1019,900,1367,1397,361
1249,1120,1003,1199,1087,1461,1185,933,1059,1484,1055,1040,1081,915,1247,1363,472
1198,1044,924,1132,1112,1103,1438,1190,1063,1499,968,1032,982,921,1257,1552,297
1215,1076,926,1238,1144,1371,1234,910,1107,1492,915,1100,982,977,1304,1403,143
1236,1127,997,1188,1127,1277,1205,964,1059,1545,979,1065,973,928,1290,1357,991
1122,1077,917,1289,1107,1500,1229,844,1110,1524,984,1063,1070,911,1290,1328,540
1442,1045,1068,1135,1061,1304,1154,986,1067,1499,1010,1009,1058,902,1273,1462,390
919,1279,776,1280,1250,1378,1354,1044,1140,1531,1008,1027,947,1005,1342,1280,472
920,1249,669,1265,1319,1237,1484,1137,1116,1548,1047,1034,892,992,1341,1310,297
1102,1162,782,1034,1180,1291,1316,1411,1041,1405,1093,976,955,1007,1218,1585,485
1003,1487,538,1324,1138,1395,1361,964,1109,1457,1129,1026,988,954,1301,1316,143
871,1469,582,1225,1201,1555,1247,1073,1152,1450,1255,974,1109,932,1273,1135,540
1011,1282,661,1145,1241,1140,1480,1161,1028,1427,1049,1019,936,998,1228,1557,361
1205,1391,739,1297,1195,1236,1206,885,1104,1421,999,1073,1014,932,1324,1413,991
1086,1235,712,1297,1066,1400,1223,1153,1114,1452,1155,1041,1107,934,1307,1170,297
1419,1111,874,1160,998,1363,1226,1097,1135,1430,1165,1030,978,939,1228,1375,485
1095,1471,860,1123,1109,1253,1226,1117,1139,1505,1353,892,1132,906,1159,1194,390
1113,1261,685,1335,1097,1579,1143,1055,1121,1486,1203,1048,1095,918,1289,1120,472
1186,1187,811,1229,1092,1367,1240,1116,1105,1451,996,982,908,984,1362,1434,991
1332,1226,752,1172,940,1245,1401,1109,1130,1413,1074,1078,863,1049,1275,1398,143
1182,1197,755,1217,1031,1293,1376,1229,1109,1459,1020,997,883,973,1355,1442,297
1275,1193,878,1033,1132,1078,1367,1316,1086,1392,900,974,938,967,1347,1607,361
1266,1517,922,1202,851,1163,1336,972,1084,1399,1094,1052,1086,1046,1267,1252,472
1402,1509,804,1191,932,1169,1332,924,1114,1401,1034,976,1062,986,1225,1482,390
1202,1303,785,1262,1086,1244,1248,1118,1102,1367,1100,986,1117,993,1248,1363,540
1481,1531,868,1193,819,1022,1264,876,1068,1403,989,1125,998,1009,1282,1406,991
1065,1208,657,1246,1053,1530,1304,1197,1105,1415,1144,1028,957,989,1347,1295,485
1065,1507,808,1236,1152,1336,1135,987,1135,1366,1100,988,1124,939,1303,1324,472
1337,1469,824,1105,1089,1137,1146,1066,1104,1415,1004,1002,1029,988,1331,1387,390
1326,1557,732,1150,1092,968,1296,1090,1090,1409,1097,1008,1060,914,1247,1455,297
1272,1435,741,1133,1119,1304,1281,992,1113,1445,1118,940,1192,906,1251,1315,361
1395,1572,789,1157,1105,1153,1209,872,1115,1411,1114,1032,1052,954,1281,1321,143
1286,1524,751,1048,1013,1022,1366,1223,1129,1439,967,975,957,953,1286,1574,991
1081,1418,767,1130,1028,1373,1282,1176,1066,1404,1123,1002,1055,1064,1212,1354,472
1145,1467,752,1295,1004,1515,1065,992,1014,1417,1121,1174,1013,1017,1188,1336,143
1022,1496,776,1251,1096,1415,1165,949,1137,1437,1037,1016,1060,963,1344,1286,540
926,1446,683,1050,915,1405,1386,1469,1087,1435,1149,1004,955,983,1230,1437,485
1115,1366,699,1296,1017,1568,1170,1027,1059,1375,1051,1114,1039,1008,1262,1364,361
1111,1576,679,1193,969,1273,1200,1226,1023,1475,1047,1014,1031,1017,1225,1448,297
1084,1271,679,1289,964,1507,1297,1147,1039,1495,1178,990,1137,896,1274,1259,540
1384,1586,940,1233,952,1316,1027,831,994,1519,1121,1101,972,987,1091,1473,991
1113,1357,773,1261,960,1606,1158,964,1072,1494,1094,1030,1069,981,1222,1318,143
1356,1435,780,1105,993,1269,1168,1140,1008,1434,1077,1012,1126,1065,1192,1366,390
1095,1222,611,1136,1050,1489,1322,1282,1070,1438,1174,1101,959,958,1361,1219,485
903,1329,829,1262,937,1635,1226,1006,1063,1527,1183,971,1164,933,1185,1254,472
1371,1428,730,1061,1157,1176,1209,1105,1104,1464,959,1080,929,937,1342,1465,991
1237,1358,584,1099,974,1240,1563,1074,1064,1428,1112,1023,995,909,1336,1413,297
1100,1414,627,1146,1170,1375,1328,1112,1072,1418,1059,1039,1055,968,1275,1394,361
1432,1616,768,970,1082,1286,1101,932,1112,1347,1111,1091,1030,943,1281,1365,390
1347,1356,680,1118,1051,1409,1360,959,1114,1529,1080,1063,1014,953,1329,1196,540
1337,1391,730,1059,1112,1304,1329,1009,1121,1427,956,1109,924,958,1363,1413,143
1213,1422,744,988,1154,1449,1023,1206,1057,1383,1171,1014,1071,948,1219,1417,485
914,1512,662,895,1033,1369,1444,1307,1124,1256,1074,909,1170,929,1143,1554,361
1034,1457,586,884,1033,1344,1525,1375,1138,1219,1063,951,1101,960,1211,1595,297
975,1228,604,1249,998,1438,1398,1330,1028,1416,1172,1075,901,991,1390,1271,485
1237,1521,754,874,1026,1193,1286,1097,1077,1295,1093,950,1067,947,1220,1606,991
966,1239,555,1228,1080,1497,1379,1244,1067,1462,1060,1129,888,1020,1406,1248,143
920,1470,670,916,941,1574,1425,1227,1134,1287,1163,953,1168,941,1161,1473,472
825,1046,609,1225,1280,1527,1390,1321,1016,1490,995,1080,1097,1005,1332,1265,540
1051,1259,739,1221,1003,1227,1280,1498,987,1389,1133,999,958,959,1295,1560,361
1095,1018,791,1131,1064,1257,1444,1387,1152,1463,922,1038,1027,957,1319,1397,485
1064,1298,675,1139,1083,1077,1511,1379,1111,1413,965,1092,924,1018,1329,1428,297
1290,1133,682,1039,1094,1304,1305,1384,1032,1502,1086,1034,1040,954,1251,1381,390
1180,1329,874,1095,1177,1183,1355,1087,1070,1459,858,1094,979,997,1257,1532,361
1463,1068,1009,1189,991,1040,1198,1286,1087,1328,821,1094,1080,1002,1263,1595,991
1059,1023,587,1416,1182,1467,1330,1208,1090,1457,806,1082,1046,1040,1277,1476,143
1139,1333,672,1387,1070,1339,1198,994,1087,1506,959,1079,1054,985,1262,1348,540
975,1311,685,1315,1011,1507,1190,1198,1163,1472,989,1084,1082,1029,1257,1204,472
1179,1525,1006,1128,1089,994,1229,1130,1033,1346,1047,1016,1179,943,1239,1477,390
1085,1308,795,1035,1109,1281,1350,1304,1055,1450,1038,1060,993,900,1295,1489,485
1035,1317,941,1079,1088,1088,1476,1191,1047,1366,1035,1036,1142,889,1233,1491,297
1041,1552,666,1111,1220,1149,1405,1045,1103,1325,912,992,979,1102,1359,1446,361
1101,1388,623,1040,1137,1341,1344,1134,1151,1298,1028,1025,971,1128,1371,1308,143
1200,1424,734,1217,1234,1219,1187,954,1075,1388,914,984,1035,1065,1284,1497,991
978,1309,691,1166,1191,1429,1260,1105,1116,1362,1044,1011,1092,1102,1275,1278,540
1161,1359,728,1064,1049,1341,1571,995,1084,1494,998,1040,952,1036,1273,1386,361
1051,1550,614,993,921,1351,1439,1277,1166,1430,1168,972,860,1075,1399,1210,485
1277,1594,764,953,1011,1047,1331,1132,1154,1424,1122,945,916,1114,1406,1199,390
1445,1245,766,1047,1061,1168,1379,1100,1082,1437,1059,1005,1001,1003,1255,1438,991
1014,1396,700,1122,1143,1326,1468,1083,1091,1484,1014,1045,987,990,1288,1381,143
1128,1464,572,1050,1000,1234,1613,1174,1156,1454,1063,1011,846,1056,1345,1349,297
1055,1619,627,1097,953,1216,1413,1153,1184,1440,1161,950,1001,1084,1424,1036,472
1274,1486,504,1074,1065,1174,1214,1417,1135,1301,1103,930,1099,1028,1319,1362,361
1183,1260,608,1123,1086,1380,1200,1177,1089,1356,1123,943,1182,1001,1317,1269,540
1332,1229,618,1268,885,1490,1261,1163,1238,1408,1118,1049,915,978,1341,1233,143
1444,1512,641,1131,1044,905,1226,1229,1187,1359,1023,981,1008,1020,1274,1401,390
1118,1121,645,1266,974,1543,1265,1189,1224,1450,1087,1017,1022,962,1360,1158,472
1338,1391,601,1048,1054,1108,1261,1475,1144,1326,1105,1011,983,1049,1362,1300,485
1131,1097,620,1264,982,1473,1347,1284,1216,1477,1063,988,976,942,1384,1234,361
1509,1488,714,1257,840,973,1131,1137,1183,1441,1059,1091,862,924,1326,1394,991
876,1411,630,1261,1153,1524,1324,989,1091,1561,1010,1067,978,1007,1255,1302,540
1067,1203,706,1228,978,1569,1331,1018,1084,1567,1116,1019,891,993,1266,1328,143
1166,1043,557,1232,999,1426,1321,1449,1182,1371,1115,950,1017,943,1298,1369,297
1237,1230,639,1150,1262,1528,1165,993,1050,1390,1196,1061,1014,992,1206,1371,361
1404,1348,784,1039,890,1558,1285,972,1147,1427,1306,994,930,934,1219,1304,485
1207,1220,745,1096,834,1639,1331,1113,1127,1486,1214,1018,937,1008,1222,1268,472
1293,1517,800,1049,909,1211,1225,1014,1087,1513,1150,1036,978,981,1219,1316,390
1459,1388,761,1155,1128,1328,1119,851,1051,1431,1197,1092,999,950,1149,1411,991
1146,1123,533,1307,1269,1434,1413,1055,1029,1477,1046,970,1120,996,1298,1344,540
1240,1234,616,1133,1237,1302,1380,1138,1144,1361,954,1027,985,1078,1331,1347,143
1323,1328,692,943,1132,1079,1548,1121,1158,1468,851,1140,968,1008,1234,1453,361
1228,1486,823,1010,1078,1122,1457,1076,1077,1507,1086,1138,1066,903,1255,1248,472
1200,1044,657,1058,1283,1129,1434,1347,1096,1393,934,943,1041,1058,1239,1576,297
1416,1383,733,980,992,1013,1493,1134,1020,1516,1005,1178,1035,890,1204,1415,390
1303,1447,662,1128,1032,1395,1251,935,1045,1448,1113,1063,1003,1054,1181,1373,143
1277,1253,670,1170,1037,1496,1233,1096,1030,1476,1035,1027,985,1044,1243,1440,361
1083,1224,861,1276,1012,1495,1162,996,1099,1383,1146,944,1115,959,1215,1419,390
1195,1152,665,999,1102,1338,1436,1336,1151,1496,1030,1093,899,1057,1285,1269,485
1194,1397,651,1186,1067,1531,1264,935,1060,1512,1176,1028,1042,986,1176,1300,540
1409,1525,765,1068,1035,1061,1276,945,1020,1427,1161,1100,1062,928,1186,1361,991
1204,1363,819,1228,1002,1237,1334,1008,1078,1452,1049,1005,1058,939,1159,1540,297
1139,1146,879,1266,999,1711,1125,915,1072,1407,1136,953,1040,1008,1202,1462,143
1171,1373,919,1241,1059,1179,1095,1114,1083,1355,1152,973,1045,1013,1275,1384,361
1146,1265,791,1204,985,1356,1359,1016,1023,1430,1110,1057,1130,958,1193,1379,472
1385,1718,899,1184,985,1017,1125,853,1084,1460,1185,949,1032,947,1203,1420,991
1107,1391,875,1309,1117,1240,1131,1110,1091,1345,1119,973,1123,988,1263,1378,540
1453,1526,973,1108,1025,1058,1067,1046,1111,1315,1110,992,1037,1052,1304,1343,390
1188,1643,787,1202,993,890,1319,1112,1069,1463,1157,954,1008,960,1203,1446,297
1255,1335,854,1118,1103,1206,1099,1219,1142,1332,1197,994,984,1032,1335,1264,485
1125,1292,726,1135,1125,1370,1330,1111,1075,1393,1064,1036,1018,978,1432,1284,540
1419,1289,839,1159,1163,1088,1221,1038,991,1432,965,1138,968,1011,1315,1460,991
1486,1680,898,1160,912,925,1173,789,1091,1415,1068,977,960,1013,1257,1499,143
1359,1522,982,1106,898,1108,1184,1043,1043,1447,1020,887,1101,942,1248,1562,361
1379,1236,1004,1065,948,1275,1226,1056,1085,1380,1100,1063,951,1031,1337,1333,390
1368,1468,844,1144,1036,1245,1119,921,1051,1458,1087,1060,1122,900,1191,1411,472
1446,1333,1044,1082,946,1364,1102,887,1069,1407,1162,1043,973,973,1307,1346,485
1166,1320,647,1231,1066,1606,1297,899,1112,1463,1016,1139,891,1049,1317,1293,143
1173,1436,932,1060,935,1250,1374,1074,1075,1387,1095,1018,957,977,1355,1416,297
1063,1242,683,1383,1250,1558,1220,881,1057,1563,1063,1103,1004,985,1235,1270,540
1033,1414,651,1207,983,1356,1330,1144,1118,1413,1150,1047,961,1017,1268,1306,485
1441,1489,747,1196,1046,1172,1176,867,1105,1513,985,1150,875,978,1314,1360,991
1112,1521,597,1307,1104,1307,1269,867,1148,1411,1096,1090,946,1010,1309,1270,143
1027,1493,635,1301,931,1450,1240,1099,1141,1344,1125,1015,1012,1073,1308,1262,472
1203,1474,709,1254,927,1472,1321,920,1114,1433,1079,1122,1009,982,1252,1289,390
1024,1600,633,1288,1091,1102,1299,1056,1145,1432,1055,1026,958,981,1298,1385,297
1046,1276,608,1232,1073,1579,1405,982,1128,1409,984,1150,857,1004,1394,1354,361
883,1226,902,1254,1065,1604,1267,962,1088,1500,1042,1031,1085,1053,1271,1210,472
1169,1309,825,1161,930,1476,1307,1058,1063,1485,1206,1054,986,992,1217,1246,485
1303,1282,1040,991,985,1168,1286,1225,1060,1300,1257,1054,1024,1003,1283,1299,361
971,1461,572,1240,1186,1530,1412,889,1132,1385,1099,1062,1056,941,1288,1317,540
1217,1239,1100,1266,972,1357,1082,922,1067,1455,974,1012,1080,1027,1252,1404,991
1150,1144,1045,1188,1109,1422,1211,974,1109,1449,1085,1047,1040,996,1341,1213,390
954,1267,710,1186,1154,1350,1388,1184,1133,1512,1057,1041,955,952,1308,1322,297
890,1235,845,1247,1062,1678,1308,931,1081,1542,1033,1038,995,1026,1320,1245,143
1125,1224,782,1169,1159,1417,1057,1281,1098,1329,1288,945,1178,968,1208,1266,472
1255,1443,727,1184,1041,1196,1395,996,1074,1426,1147,972,956,962,1270,1435,390
1219,1510,582,1107,1123,1159,1340,1171,1088,1392,1123,987,1063,958,1237,1396,361
1189,1189,735,1089,1174,1470,1018,1363,1110,1303,1303,991,1105,999,1250,1219,485
1145,1459,640,1204,1219,1200,1360,988,1083,1517,1186,944,960,941,1250,1399,297
1396,1507,690,1084,1083,1078,1315,1060,1076,1442,1055,1067,917,1016,1271,1436,991
1179,1366,598,1165,1217,1517,1262,866,1056,1510,1155,1022,944,1017,1287,1289,143
1278,1541,716,1049,1152,925,1442,1108,1051,1459,1161,1063,926,1014,1280,1326,390
1114,1592,627,1067,1146,1245,1384,937,1042,1564,1212,1031,966,1043,1237,1185,472
1195,1261,836,953,1099,1293,1397,1246,1071,1351,1145,1008,984,1059,1292,1370,361
1078,1288,615,1253,1199,1459,1174,994,1074,1379,1072,1065,1158,986,1253,1293,540
1407,1336,1108,946,977,968,1286,1120,1041,1305,1008,1080,963,1065,1278,1540,991
1218,1490,847,1048,1050,1090,1388,1049,1063,1396,1064,1067,1006,966,1230,1488,472
1442,1667,944,931,953,899,1298,1005,1017,1420,1059,1059,993,1058,1188,1486,390
1240,1195,856,925,1106,1323,1327,1308,1067,1345,1189,992,977,1048,1240,1422,485
1348,1275,981,924,974,1069,1472,1143,1072,1327,981,1020,983,1084,1280,1521,297
1223,1456,774,1090,1186,1171,1310,1070,1065,1412,1064,1068,1019,955,1268,1428,361
1395,1319,1032,1015,933,1180,1362,1036,1033,1293,965,1103,992,1110,1210,1537,143
1068,1656,555,1206,965,1256,1308,1109,1116,1373,1059,1116,938,1155,1262,1261,472
1193,1379,794,1280,1152,1275,1159,985,1060,1451,1078,1106,1062,907,1301,1315,540
1067,1602,658,1263,981,1315,1162,1212,1116,1343,1164,1095,1004,1078,1198,1282,485
1265,1529,721,1130,1049,1149,1309,996,1073,1417,1039,1113,913,1075,1250,1400,991
1055,1525,532,1244,992,1238,1272,1260,1124,1377,1102,1059,971,1071,1232,1332,297
1060,1508,633,1086,1101,1189,1566,994,1097,1532,1188,1015,975,974,1252,1247,361
1227,1513,771,1072,903,1151,1309,1317,1089,1463,1135,998,1035,987,1189,1384,485
1028,1606,774,1035,1049,1332,1456,962,1074,1459,1243,1034,1049,983,1208,1230,472
1126,1461,629,1109,1067,1404,1512,917,1052,1491,1178,1032,957,959,1290,1313,143
1114,1226,524,1252,1062,1432,1276,1394,1095,1491,1049,988,984,915,1302,1449,297
1154,1650,610,1157,1062,1100,1309,1122,1090,1344,1140,1085,1015,1132,1225,1249,390
1375,1317,822,1143,915,1118,1210,1354,1110,1487,911,1023,1007,934,1283,1525,991
1111,1596,696,1135,1152,1212,1328,1010,1079,1474,1228,1055,1016,933,1199,1296,540
1076,1449,618,1263,1003,1192,1484,1149,1065,1495,991,1022,961,973,1268,1459,361
1168,1564,777,1230,1005,1277,1252,942,1100,1437,1084,1046,985,1007,1250,1371,472
1147,1238,664,1267,1047,1439,1182,1201,1011,1445,1109,1093,959,1007,1237,1419,485
1279,1500,779,1029,928,1287,1260,1027,1110,1457,1241,982,1109,947,1245,1189,390
1216,1459,744,1245,1060,1277,1338,852,1081,1478,994,1113,884,1037,1303,1350,143
1113,1546,775,1110,957,1213,1497,1012,1104,1461,1083,1054,947,991,1257,1383,297
1103,1152,622,1105,1073,1341,1448,1394,1061,1303,1245,996,976,994,1297,1408,485
1200,1078,520,1047,1180,1380,1453,1422,1043,1377,1201,975,1041,913,1226,1496,361
1356,1160,659,1101,1096,1108,1372,1334,1053,1391,1080,880,983,954,1183,1673,390
1061,993,509,1115,1120,1247,1475,1527,1062,1348,1016,904,945,1005,1271,1590,297
1288,1135,716,1116,1068,1196,1386,1375,1082,1503,1106,994,934,946,1232,1471,485
1522,1435,944,1088,915,1216,986,1016,1014,1439,1225,1000,1124,917,1172,1389,991
996,960,540,1176,1126,1517,1538,1424,1090,1386,976,956,907,1034,1308,1613,143
1084,1369,689,1123,1015,1298,1344,1302,1044,1368,1270,1029,1001,996,1237,1335,472
1217,1017,620,1201,1059,1609,1268,1210,1078,1495,1147,1036,1100,926,1269,1229,540
1332,1291,924,1090,1000,1056,1261,1311,1105,1493,1094,928,950,900,1256,1554,361
1171,1243,824,1178,966,1188,1306,1375,1099,1334,1097,1024,1019,1041,1287,1379,485
931,1131,703,1294,1219,1398,1288,1254,1084,1469,1001,1050,1030,945,1335,1366,540
1041,1107,745,1220,1142,1524,1196,1291,1094,1481,928,992,978,960,1401,1445,361
1462,1026,902,1139,1049,1150,1243,1309,1099,1388,848,1012,1019,1033,1330,1551,390
1245,1257,763,1201,952,1121,1365,1335,1104,1319,980,1017,978,1043,1284,1497,297
1297,1345,729,1342,924,1019,1248,1230,1077,1385,1019,1023,1021,1004,1314,1433,991
903,1123,835,1300,1128,1468,1228,1221,1055,1480,1120,1044,1103,910,1263,1305,472
977,1232,734,1316,1165,1262,1403,1131,1053,1424,1070,997,1035,993,1338,1370,143
1082,1240,771,1184,1048,1554,1149,1113,1086,1574,1094,1005,921,999,1341,1260,485
1137,1308,823,1305,1149,1506,1109,904,1093,1534,1001,1027,1077,935,1331,1282,540
1009,1247,774,1296,1115,1269,1366,1197,1079,1447,972,1001,1069,895,1250,1534,297
1155,1120,559,1311,1036,1358,1380,1275,1045,1317,1059,1044,1072,1010,1200,1507,143
1246,1443,799,1228,1015,1324,1182,1043,1086,1537,1120,1053,1028,959,1235,1262,390
1286,1379,765,1295,1051,1214,1268,1022,1035,1427,977,1049,1098,943,1166,1549,991
1106,1328,861,1143,1084,1385,1199,1145,1057,1412,1080,1065,1083,937,1268,1378,361
885,992,658,1243,1059,1443,1493,1438,1035,1454,1051,1048,1024,1005,1317,1346,485
1112,1206,636,1242,1085,1434,1294,1271,1058,1353,1115,987,1128,1026,1231,1382,472
1222,1436,678,1198,986,1373,1413,914,1060,1460,1031,1033,968,948,1268,1512,143
1295,1311,763,1090,1019,1044,1472,1185,1047,1460,1068,992,977,947,1259,1530,297
1096,1358,780,1148,1051,1342,1453,1007,1076,1450,1054,965,996,916,1270,1525,361
1110,1275,778,1141,1156,1244,1247,1182,1058,1404,1102,1135,963,988,1395,1235,485
1372,1417,844,1100,1021,1155,1295,967,1043,1494,1098,1006,1017,898,1190,1534,390
1094,1137,548,1324,1223,1419,1426,1084,997,1522,968,1164,1058,947,1275,1349,540
1396,1528,810,1077,1048,1150,1325,839,1037,1538,1019,1039,938,895,1239,1575,991
1025,1228,716,979,1340,1081,1533,1378,1062,1415,982,1073,976,954,1355,1463,297
1018,1431,887,1128,1231,1228,1159,1189,1068,1393,1154,1100,1108,971,1362,1124,472
1079,1088,743,1123,1236,1586,1154,1236,997,1407,1163,1072,1068,975,1302,1296,485
953,1388,799,1078,1265,1287,1318,1192,1002,1432,1035,1062,1102,953,1337,1357,361
1125,1280,802,1043,1305,1125,1369,1231,1020,1418,1117,1126,977,997,1384,1241,143
1296,1180,877,1149,1153,1277,1167,1133,1082,1410,1065,995,1075,981,1326,1346,390
872,1155,741,1200,1286,1515,1306,1132,1032,1424,1038,1043,1079,986,1381,1297,540
1425,1570,947,1077,1114,937,1258,923,1126,1448,1067,1085,929,1002,1272,1351,991
1520,1497,827,1132,1008,1225,1127,882,1092,1330,1141,1059,937,1065,1280,1374,143
1209,1540,809,1024,1080,922,1476,1168,1188,1374,1076,996,972,1014,1314,1346,297
1395,1475,826,996,973,1221,1111,1142,1111,1299,1250,1037,882,1059,1328,1314,485
1256,1567,717,1127,1017,1214,1259,1033,1072,1365,1112,1007,961,1077,1261,1425,361
1312,1552,852,1179,999,1231,1103,1010,1064,1369,1305,1051,1044,1018,1200,1229,540
1324,1436,915,1025,962,1257,1135,967,1112,1323,1127,1023,987,1079,1306,1323,472
1535,1658,837,1055,826,968,1147,1126,1044,1315,1394,1072,1063,1011,1151,1230,390
1386,1618,753,1075,954,933,1295,1139,1034,1376,1255,1135,968,1020,1144,1348,991
1011,1510,495,1088,1132,1087,1614,1259,1055,1300,1179,1058,983,1035,1253,1417,143
1126,1301,521,1164,1245,1248,1490,1171,1119,1466,1005,949,939,948,1307,1547,297
1033,1134,593,1134,1258,1409,1369,1350,1109,1507,1142,956,963,923,1250,1409,485
935,1431,496,1250,1216,1377,1413,1139,1071,1488,1114,909,1044,933,1257,1458,361
1353,1195,773,1096,1048,1409,1356,971,1127,1413,1238,1026,1017,992,1225,1242,472
1581,1141,671,1125,1105,1388,1407,862,1112,1465,1129,1081,925,1024,1215,1329,390
1266,1172,653,1289,1039,1583,1409,783,1061,1362,1086,1028,967,1031,1240,1472,143
1100,1421,488,1158,1152,1302,1342,1272,1181,1469,1159,965,1038,966,1307,1195,540
1460,1283,721,1147,1036,1320,1397,916,1043,1408,1109,997,1004,1003,1201,1452,991
1292,1168,673,1097,1065,1502,1444,1018,1047,1449,1195,970,1020,958,1205,1436,485
1233,1238,669,1083,1064,1265,1506,1092,1027,1392,1081,943,1023,948,1190,1619,297
985,1292,666,1191,1320,1472,1432,922,1049,1606,944,1043,946,999,1325,1341,540
1235,1465,682,1194,922,1406,1211,1096,1115,1355,1107,1082,921,1062,1333,1305,361
1247,1312,711,1170,1209,1189,1403,964,1043,1555,893,1032,902,1011,1328,1458,991
1020,1342,643,1172,1312,1405,1398,866,1030,1538,1000,1072,948,1020,1359,1313,143
984,1529,645,1270,965,1516,1244,1038,1096,1404,1187,996,1096,949,1304,1248,472
1163,1163,542,1094,1222,1247,1528,1276,1058,1401,1022,1024,957,964,1342,1479,297
1201,1275,694,1145,1356,1204,1427,908,1076,1475,936,1052,999,954,1346,1442,991
1131,1079,554,1246,1258,1514,1382,1116,1050,1421,1005,971,1103,983,1240,1499,540
959,1317,669,1053,1338,1165,1523,1206,1101,1485,1006,1009,979,929,1312,1397,361
1237,1222,606,1164,1289,1216,1287,1249,1025,1500,1130,1016,956,934,1256,1457,485
1171,1246,580,1122,1167,1334,1463,947,1122,1385,980,1068,986,968,1439,1332,143
1243,1273,801,1119,1048,1457,1385,826,1118,1569,1012,1028,894,1036,1362,1261,390
1280,1233,626,1078,1184,1133,1546,1166,1114,1435,859,1003,987,1003,1275,1604,297
1349,1232,848,1155,1062,1011,1427,1176,1133,1538,974,989,943,900,1245,1490,991
1079,1131,578,1188,1178,1240,1526,1247,1117,1549,1011,993,1046,918,1230,1412,540
1052,1314,674,1203,1250,1437,1433,798,1158,1487,1033,1073,1132,939,1267,1191,472
1303,1294,774,1007,1018,1299,1309,1231,1068,1424,1115,1064,1002,931,1201,1475,485
1266,1287,773,1063,1116,1126,1384,1218,1068,1450,938,1039,1034,957,1265,1529,361
1064,1200,663,1199,1192,1440,1460,1038,1066,1397,943,1116,1024,1012,1331,1391,143
1237,1226,716,1084,1169,1263,1375,1142,1061,1334,1046,1055,1044,957,1398,1385,297
927,1198,714,1093,1165,1447,1376,1238,1129,1349,1215,952,1184,840,1364,1247,540
1428,1319,841,1074,1161,1077,1228,1152,1025,1385,1065,1066,1120,943,1284,1367,390
1149,1326,673,1237,1146,1385,1350,1014,1109,1316,1152,895,1200,862,1205,1541,297
1008,1201,663,1075,1370,1514,1431,1018,1178,1364,1116,949,1075,880,1363,1355,472
1105,1239,682,1205,1324,1438,1255,956,1098,1398,1080,1009,1064,917,1246,1415,143
998,1192,729,1090,1212,1381,1395,1214,1171,1328,1185,942,1060,891,1348,1355,485
990,1236,734,1126,1346,1241,1410,1197,1091,1349,1036,936,1165,876,1229,1595,361
1387,1313,750,1003,1197,1130,1313,1013,1090,1385,1055,1003,1090,830,1318,1481,991
1253,1155,826,1043,1142,1282,1488,1091,1028,1355,1036,1042,1070,983,1234,1530,390
1155,1289,625,1181,1100,1441,1272,1002,1048,1407,1214,1043,1087,1019,1226,1236,472
1096,1195,709,967,1204,1334,1515,1244,1089,1349,1181,995,917,985,1354,1410,297
1351,1306,635,1189,1156,1178,1218,1077,1007,1484,1167,1028,996,968,1190,1440,991
1132,1463,680,1296,1061,1388,1223,988,1080,1268,1084,956,1282,883,1178,1510,540
1121,1341,577,1179,1072,1556,1422,905,1061,1358,1078,1114,923,1130,1351,1265,143
1099,1313,617,1172,1041,1593,1241,1146,1051,1436,1255,1083,947,1038,1258,1212,485
1231,1518,685,1120,1047,1257,1331,1076,1040,1362,1192,984,1076,1087,1191,1348,472
1456,1410,682,1140,980,1115,1369,1120,1087,1306,1085,959,1048,1127,1243,1425,390
1167,1462,529,1154,1178,1184,1344,1253,1059,1404,1186,973,1015,950,1222,1453,361
1067,1505,555,1265,1011,1188,1422,1267,1067,1397,1145,1080,1006,951,1212,1422,297
1374,1535,754,1305,917,1118,1259,890,1012,1491,1136,1157,939,1018,1173,1354,991
924,1603,654,1240,1100,1229,1441,794,1044,1460,1197,1047,1169,937,1181,1245,472
891,1459,533,1337,980,1431,1594,844,1078,1437,1115,1159,1005,983,1316,1187,143
895,1395,549,1519,1048,1560,1311,905,1053,1547,1175,1169,1133,965,1178,1060,540
1352,1229,1045,1157,1234,1105,1253,761,967,1471,994,1064,994,1122,1295,1345,991
991,1581,601,1251,909,1097,1453,1059,1029,1476,1260,1107,1046,941,1247,1174,485
982,1276,847,1340,1286,1280,1331,938,1080,1441,993,1046,1134,937,1250,1399,361
1205,1287,805,1196,1271,1170,1266,1080,1040,1441,1002,1082,1024,1039,1303,1349,143
1137,1369,744,1380,1102,1286,1313,928,1113,1429,1049,1076,1070,941,1273,1329,297
1247,1595,702,1169,1139,1021,1423,841,1037,1493,1178,1099,1035,962,1229,1247,390
1105,1426,717,1223,1249,1312,1151,1097,1114,1468,1066,1063,1034,991,1335,1209,540
1241,1411,504,1071,1194,1520,1068,1226,1104,1485,1003,1120,859,1091,1385,1233,485
1236,1351,472,1188,1162,1568,1175,1116,1101,1432,1034,1079,920,1110,1393,1211,143
1252,1239,837,1231,1168,1404,1266,846,1044,1445,1100,1080,1023,1069,1310,1209,472
1091,1423,487,1273,1057,1388,1186,1159,1076,1375,1047,996,1059,1072,1311,1344,361
1169,1473,445,1271,1041,1511,1224,1084,1057,1493,974,1061,918,1113,1336,1328,297
1381,1367,608,1144,1199,1280,1383,894,1062,1497,950,1045,965,1038,1366,1356,390
1425,1526,624,1106,1189,1151,1030,1114,1098,1471,960,1129,829,1088,1292,1407,991
1213,1538,514,1057,1217,1364,1339,1024,1043,1541,976,1147,807,1016,1346,1404,485
1236,1465,533,1179,1037,1396,1371,805,1013,1518,906,1186,861,1120,1281,1395,143
1101,1355,619,1308,1239,1405,1356,856,1075,1405,970,1066,1089,1044,1348,1283,540
1444,1064,829,1201,1097,1168,1203,1199,1096,1394,933,1177,1018,997,1318,1347,991
1068,1342,583,1157,1100,1403,1407,1215,1069,1491,1094,1147,880,1054,1254,1291,297
1160,1554,553,1173,1117,1469,1244,854,1016,1516,1047,1135,946,1069,1165,1386,472
1116,1473,648,1165,1069,1525,1270,991,1021,1437,1106,1149,917,1015,1257,1369,361
1446,1394,688,1180,1026,1222,1231,1086,1091,1400,1091,1118,982,1011,1305,1282,390
1298,979,716,1176,1152,1210,1394,1271,1072,1410,1014,1152,1031,986,1370,1245,485
1044,1305,678,1425,1134,1210,1241,1127,1118,1373,1074,1098,1113,960,1301,1243,540
1307,1578,706,1285,987,1166,1325,918,1107,1449,1131,1118,900,1017,1244,1314,991
1263,1120,692,1164,1172,1292,1399,1136,1056,1372,988,1166,992,1015,1317,1355,143
1154,1481,625,1276,1047,1146,1428,1009,1138,1451,1110,1125,846,1017,1294,1299,297
1105,1560,666,1121,1194,1042,1465,1112,1149,1351,1037,1140,900,980,1299,1424,361
1104,1362,600,1204,1286,1167,1450,1009,1037,1367,991,1108,1060,934,1178,1581,540
1199,1198,544,1344,1209,1295,1412,1016,1007,1384,1051,1076,923,1015,1220,1552,143
1152,1384,668,1311,1139,1421,1257,947,1108,1447,1104,1143,872,1054,1323,1229,472
1347,1279,648,1262,1257,1062,1405,981,985,1425,958,1084,1008,930,1160,1650,991
1082,1285,660,1115,1169,1299,1398,1207,1027,1383,1127,1144,949,944,1252,1454,485
1207,1318,794,1293,1075,1193,1301,973,1111,1417,1116,1068,914,1022,1305,1327,390
1130,1008,555,1203,1146,1361,1508,1369,1092,1385,922,1039,926,998,1279,1584,297
850,1018,606,1473,1082,1719,1346,1000,1112,1380,892,1030,1052,1057,1424,1333,540
1193,1175,532,1239,1202,1507,1410,976,1095,1381,921,1107,907,1083,1383,1403,361
878,1313,639,1277,1108,1445,1436,1088,1089,1408,1041,1006,1052,992,1280,1412,143
919,1502,726,1318,970,1218,1292,1104,1105,1309,1172,927,1257,923,1176,1411,472
890,1355,778,1342,1085,1444,1243,1062,1044,1401,1205,1023,1181,882,1207,1337,540
1037,1366,575,1260,1048,1208,1413,1370,1053,1433,1211,996,1130,875,1200,1382,485
1290,1430,704,1238,985,1037,1424,1068,1046,1315,1022,929,1124,959,1244,1597,991
903,1286,866,1175,1217,1362,1187,1215,1024,1364,1201,1055,1135,1016,1192,1293,361
938,1405,714,1285,1056,1418,1339,1110,1038,1438,1121,991,1163,900,1166,1463,297
1124,1400,510,1096,1160,1199,1385,1265,1062,1272,1036,1076,963,1069,1385,1343,485
1101,1414,573,1116,1159,1413,1232,1224,1041,1253,1058,1108,1047,1067,1287,1419,472
914,1285,677,1270,1197,1468,1234,1138,1062,1274,1127,1080,1070,1082,1253,1332,143
1096,1361,496,1254,1232,1361,1272,1131,1044,1333,1070,1084,1061,1066,1302,1320,540
1226,1526,796,1235,1074,1124,1214,1055,1057,1347,1177,987,1238,868,1203,1403,390
985,1618,519,1172,1065,1246,1330,1061,1039,1365,1251,1046,1130,1071,1153,1225,361
1010,1697,507,1215,1058,1287,1245,1075,1044,1348,1254,1059,1117,1079,1171,1208,297
1129,1377,577,1189,1163,1510,1304,866,1077,1469,1064,1079,1096,1065,1195,1235,472
1172,1396,517,1179,1172,1412,1336,911,1065,1460,1089,1084,1044,1083,1167,1288,143
1219,1241,666,1254,1245,1603,1211,754,1096,1516,1021,1080,1098,1030,1208,1231,540
1337,1708,707,1088,1062,978,1129,992,1045,1365,1132,1091,989,1032,1296,1330,991
1096,1456,495,1123,1069,1440,1338,1175,1049,1514,1168,1080,967,1097,1265,1140,485
1255,1179,829,1076,1150,1440,1278,1067,1120,1552,987,1038,1056,1033,1184,1310,390
1217,1435,872,1155,968,1266,1196,1170,1147,1454,1141,920,1027,1022,1215,1354,472
1111,1387,720,1183,992,1151,1315,1388,1095,1457,1028,948,1061,1025,1156,1510,297
1139,1133,759,1097,1151,1166,1419,1407,1129,1450,959,913,1076,1015,1152,1553,361
999,1469,702,1315,1050,1413,1127,1142,1090,1441,1285,937,1193,941,1165,1228,540
950,1302,646,1218,1065,1504,1271,1092,1086,1480,1155,923,1098,1040,1255,1243,472
938,1195,641,1108,980,1625,1402,1296,1047,1573,1220,965,1016,1033,1262,1164,485
1126,1494,721,1180,998,1341,1254,1130,1110,1493,1182,960,960,1015,1225,1335,143
1235,1279,755,1087,1056,1378,1340,1150,1061,1529,1179,909,1114,993,1230,1265,390
1196,1431,829,1138,1101,1093,1242,1249,1137,1399,1148,940,1132,997,1316,1211,361
1197,1290,790,1150,940,1495,1211,1104,1119,1464,1263,994,1043,996,1243,1158,485
1045,1274,626,1155,1069,1366,1418,1263,1034,1555,1067,959,1055,998,1309,1299,297
1171,1467,815,1123,1011,1251,1287,1087,1055,1496,1199,1036,991,1019,1181,1303,991
1365,1292,700,1126,1012,1461,1264,1035,1118,1513,1022,1087,862,949,1369,1359,143
1363,1470,894,1139,974,1301,1118,942,1099,1395,1060,996,1077,941,1264,1448,390
1257,1359,691,1110,898,1541,1184,1091,1095,1446,1267,1008,1084,1051,1285,1044,472
1315,1358,810,1033,1117,1282,1254,1111,1063,1381,1085,990,965,930,1299,1563,361
1007,1190,590,1227,1002,1744,1258,1110,1105,1387,1253,960,1139,1037,1319,1049,540
1267,1444,787,991,1093,1260,1194,1192,1073,1397,1143,959,960,895,1323,1528,485
1081,1348,665,1026,1166,1153,1475,1302,1109,1359,1046,895,1030,943,1294,1573,297
852,1291,590,1341,1107,1350,1381,1141,1106,1422,900,1051,1064,945,1287,1504,143
868,1437,637,1320,1084,1222,1423,1085,1072,1453,1072,974,1047,941,1326,1376,361
1048,1358,746,1296,1141,1170,1359,1162,1106,1423,1112,940,1155,959,1274,1311,390
1346,1381,765,1036,1219,1095,1288,1140,1059,1490,1095,962,946,908,1275,1545,991
1264,1316,659,1225,884,1240,1400,1292,1082,1399,1075,1026,958,955,1313,1472,297
1213,1491,596,1159,918,1161,1483,1241,1131,1433,1122,938,889,951,1397,1419,485
998,1622,699,1409,966,1054,1446,976,1055,1453,1084,946,1092,961,1325,1364,540
1489,1299,694,1122,903,1084,1412,1161,1129,1403,914,1119,780,1015,1393,1527,143
940,1491,665,1297,1050,1280,1424,1065,1032,1435,1115,961,1143,977,1242,1375,472
1317,1337,731,1063,1006,1380,1372,1073,993,1521,964,1130,899,1003,1327,1443,485
1290,1420,782,1023,961,1039,1353,1130,1024,1480,940,1108,873,1006,1332,1509,991
1287,1311,666,1042,995,1121,1520,1266,1028,1499,995,1050,866,970,1334,1478,297
1516,1365,831,975,955,981,1393,1176,1090,1414,968,1172,765,1006,1381,1459,390
1430,1298,717,1033,987,1040,1507,1243,1075,1469,939,1138,860,932,1352,1515,361
963,1391,575,1154,1061,1554,1436,1042,950,1492,1061,1059,1080,954,1312,1372,540
1170,1565,675,1149,914,1115,1575,1043,1130,1381,1104,887,1114,977,1269,1415,297
1275,1368,692,1064,967,1419,1439,1056,1030,1394,1119,995,1055,1001,1279,1407,143
1270,1647,699,1164,834,1112,1398,995,1115,1420,1155,937,1090,921,1287,1355,390
1202,1413,833,1147,950,1285,1098,1231,1038,1332,1362,986,1130,956,1202,1274,485
1278,1659,540,1129,864,1105,1560,1007,1170,1407,1114,983,962,906,1362,1376,361
1474,1601,817,1261,950,1093,1123,946,1105,1342,1152,966,1119,945,1303,1348,991
1156,1665,763,1249,922,1271,1145,1027,1079,1287,1292,944,1249,935,1201,1293,472
1184,1326,507,1164,1142,1651,1245,1028,1059,1445,1115,1131,907,1018,1329,1276,540
1085,1248,618,1108,1115,1130,1506,1224,1126,1362,1078,1032,1015,1036,1327,1304,297
1080,1186,617,1108,1226,1145,1522,1322,1161,1314,1043,1076,1000,1056,1440,1190,485
1200,1154,602,1248,1133,1211,1361,1328,1060,1441,972,1135,980,1017,1443,1232,472
1083,1196,709,1116,1163,1168,1483,1355,1084,1266,1002,1059,1128,999,1346,1396,361
1121,1247,636,1136,1209,1343,1478,1051,1175,1320,970,1054,960,1067,1407,1327,143
1396,1315,897,1003,1278,850,1325,1181,1093,1363,911,1134,982,983,1412,1402,991
1211,1231,701,1059,1147,1270,1461,1178,1133,1289,1092,1035,1103,1056,1327,1223,390
1093,1108,539,1418,1243,1421,1273,1147,1071,1504,957,1158,958,1010,1461,1161,540
1108,1163,588,1133,1263,1310,1378,1281,1057,1494,1071,1098,952,1025,1264,1319,485
1040,1266,587,1344,1356,1468,1230,989,1041,1456,1065,1016,1040,1139,1338,1185,143
1172,1258,683,1229,1227,1210,1245,1256,1061,1380,1143,943,1128,1077,1303,1245,390
1060,1238,620,1228,1447,1461,1229,857,1048,1490,1000,1029,1109,1069,1245,1287,472
1011,1132,520,1277,1166,1292,1507,1348,1084,1451,948,1116,891,1067,1430,1293,297
1274,1522,730,1328,917,1280,933,1242,1071,1326,1292,1026,1064,995,1285,1221,485
1007,1202,547,1203,1433,1321,1449,1118,1055,1483,933,1023,1010,1048,1304,1424,361
1045,1383,612,1353,1114,1328,1278,1115,1077,1338,1194,1005,1144,1062,1339,1121,540
1235,1404,723,1171,874,1442,1235,1142,1088,1270,1106,1018,1179,978,1284,1357,472
1478,1473,792,1273,1095,1053,993,1032,1042,1325,1133,981,1092,1087,1297,1323,991
1151,1363,698,1058,931,1410,1350,1307,1093,1260,1149,986,1070,968,1336,1418,485
1195,1474,718,1244,924,1287,1061,1225,1097,1299,1164,964,1069,1005,1303,1379,143
1336,1356,727,1111,897,1209,1240,1200,1072,1317,1096,1047,1093,995,1340,1320,390
1173,1357,622,1149,933,1251,1403,1268,1074,1318,1075,1028,1010,960,1360,1389,361
1171,1280,671,1090,939,1266,1356,1366,1059,1303,1000,1022,1009,1004,1377,1506,297
1188,1267,743,1178,1158,1528,1174,1044,1092,1525,1116,1035,1004,950,1287,1271,485
972,1505,658,1368,1147,1416,1040,1174,1119,1359,1207,978,1161,945,1279,1232,540
1421,1194,798,1115,1053,1355,1263,1074,1089,1499,1089,1049,916,1037,1331,1270,143
1532,1347,854,1216,1143,1076,1085,942,1081,1507,1010,1048,1009,936,1248,1441,991
1366,1156,847,1111,1080,1369,1223,1119,1088,1519,1101,1009,951,1005,1269,1338,390
1270,1467,777,1225,1104,1296,1115,950,1104,1482,1098,1015,1123,944,1238,1276,472
1239,1123,779,1234,1198,1372,1287,970,1059,1605,1014,1052,1063,964,1300,1223,540
1155,933,716,1107,1139,1420,1429,1322,1073,1515,1045,990,981,959,1337,1377,361
1221,1054,770,1133,1192,1412,1299,1128,1088,1626,1036,1061,977,965,1319,1208,485
1133,1067,723,1167,1305,1447,1272,1088,1131,1586,947,1043,962,956,1388,1264,143
1293,994,830,1183,1334,1233,1338,1005,1019,1558,864,1105,1021,944,1321,1432,991
948,1261,604,1227,1253,1404,1530,1031,1086,1512,990,1034,1120,911,1385,1242,472
1234,1062,749,1180,1215,1372,1334,1112,1029,1568,1003,1067,1086,902,1354,1271,390
1014,1252,679,1177,1328,1341,1411,1009,1091,1502,966,1099,1021,935,1335,1331,540
1247,1221,777,1134,1098,1120,1400,1277,1104,1525,1036,1068,938,946,1287,1376,297
1050,1128,578,1129,1273,1439,1418,1252,1102,1471,954,1085,983,921,1324,1439,361
991,1120,572,1235,1253,1404,1339,1215,1120,1466,1027,1072,1021,918,1344,1312,485
1105,1086,535,1238,1302,1427,1296,1080,1148,1431,934,1110,965,950,1384,1358,143
1119,1437,730,1272,1005,1520,1152,929,1138,1375,1097,1122,1110,912,1367,1159,540
941,1398,599,1265,1090,1426,1545,981,1182,1422,1046,941,979,962,1361,1387,143
1038,1580,716,1204,996,1480,1152,899,1151,1419,1109,1127,1116,908,1346,1104,472
914,1397,705,1260,1041,1324,1491,1137,1133,1420,1105,961,1102,905,1293,1361,361
929,1331,652,1265,959,1523,1481,1136,1116,1462,1192,992,1042,914,1300,1262,485
1259,1519,814,1172,1010,1292,1078,960,1159,1297,1154,1045,1149,909,1358,1209,390
1156,1566,730,1254,920,1247,1327,971,1083,1402,1114,981,1125,858,1341,1376,297
1262,1377,745,1238,1122,1313,1081,986,1082,1526,1046,1013,1033,895,1257,1428,991
1007,1690,695,1063,891,1466,1279,1000,1095,1452,1325,939,1084,1072,1150,1163,472
683,1284,469,1321,1154,1521,1579,1043,1201,1550,1047,939,1058,946,1331,1208,540
1074,1565,697,1034,940,1435,1269,1116,1073,1475,1230,938,1053,1079,1162,1270,361
1119,1518,706,1007,929,1529,1376,963,1020,1450,1212,1033,1016,1100,1217,1232,143
1392,1602,851,1168,1076,1139,1076,823,997,1404,1163,932,1186,962,1152,1433,991
1165,1516,797,1096,1045,1246,1194,1203,1057,1461,1172,966,1088,1049,1152,1335,485
1484,1584,763,1150,970,1027,1191,916,1110,1485,1171,994,1020,1029,1135,1336,390
1214,1504,647,1210,973,1216,1217,1192,1055,1422,1140,995,993,1073,1140,1462,297
1259,1535,1026,1093,1090,1084,1162,905,1017,1470,1150,1025,1115,913,1126,1463,991
1041,1340,965,1015,1196,1427,1294,968,1059,1396,1208,958,1117,969,1213,1239,472
1148,1388,874,1102,1238,1153,1309,996,1054,1361,1198,999,1092,970,1186,1418,361
945,1260,804,1140,1270,1545,1289,964,1059,1403,1181,990,1156,957,1206,1328,540
1189,1385,860,1141,1234,1283,1204,917,1087,1397,1191,1011,1054,959,1169,1412,143
1187,1241,982,1039,1083,1339,1243,1120,1114,1374,1123,1057,1027,939,1274,1372,485
892,1585,624,1237,1047,1579,1285,1031,1083,1382,1263,1023,1211,925,1149,1244,472
985,1390,643,1217,1110,1206,1422,1302,1029,1464,1219,992,1176,876,1179,1345,297
1251,1444,784,1188,1078,1118,1233,1184,989,1416,1258,1015,1181,917,1174,1330,991
948,1482,625,1383,1071,1550,1191,863,1079,1483,1200,1041,1132,903,1186,1256,540
1039,1429,743,1114,1016,1130,1520,1239,1005,1431,1255,1001,1144,939,1160,1345,390
928,1357,622,1245,1030,1658,1309,955,1136,1483,1138,1030,1044,940,1274,1235,143
930,1561,642,1250,1101,1378,1328,1048,1066,1400,1250,1028,1180,902,1122,1332,361
981,1363,631,1190,1183,1634,1211,1005,1061,1538,1142,1031,1059,868,1254,1327,485
1171,1533,664,1118,1007,1115,1399,1231,1105,1475,1072,1016,971,906,1215,1520,297
1169,1550,690,1179,957,1334,1357,1014,1127,1456,1179,1036,1031,935,1211,1305,472
1221,1584,612,1269,946,1189,1234,1033,1106,1584,1151,1052,906,864,1230,1387,991
1339,1455,627,1083,891,1212,1340,1333,1127,1352,1192,1008,873,978,1310,1440,390
1020,1468,604,1347,1002,1464,1246,986,1141,1467,1159,1042,1083,940,1265,1176,540
1180,1416,589,1256,912,1536,1142,1249,1111,1321,1271,1033,1137,1021,1279,1107,485
1268,1534,562,1262,938,1411,1189,1063,1072,1345,1217,1008,1141,979,1283,1235,472
1286,1477,651,1208,964,1306,1234,1066,1107,1327,1221,996,1050,988,1232,1359,143
1132,1516,511,1218,930,1336,1388,1234,1089,1326,1130,1039,1092,996,1303,1305,297
1076,1335,699,1113,1001,1485,1273,1238,1057,1498,1125,1043,908,984,1219,1446,143
1550,1495,792,1118,1089,1231,1088,883,1013,1447,982,1101,960,920,1214,1593,991
1252,1374,773,980,980,1372,1249,1178,1028,1496,1146,1078,931,883,1148,1497,485
1247,1511,619,1266,1223,1427,1085,806,1009,1517,945,1103,1021,954,1245,1457,540
1144,1455,614,1217,1014,1404,1206,1117,1089,1308,1149,997,1136,1003,1286,1312,361
1211,1334,766,1173,992,1404,1287,1087,1056,1469,1073,1021,1011,1021,1162,1410,472
1253,1494,687,1298,1166,1247,1209,926,1050,1453,1158,1119,948,962,1310,1280,991
1317,1411,691,1248,1169,1231,1347,780,1031,1439,1085,1088,959,1043,1282,1353,143
904,1435,646,1214,1165,1413,1427,977,1107,1546,1075,1080,1014,961,1348,1138,361
1256,1330,674,1199,1017,1413,1338,1013,1091,1449,1108,1037,845,1062,1275,1410,297
1050,1424,554,1111,1223,1377,1402,1058,1092,1440,1190,1065,938,939,1411,1205,485
951,1333,622,1246,1315,1377,1337,1032,1067,1482,1127,1066,1022,953,1369,1194,540
1194,1494,860,1120,1143,1279,1230,752,1052,1553,1119,1026,1105,937,1223,1265,991
1020,1474,709,1163,1064,1595,1346,866,1087,1531,1202,1043,1091,956,1295,1075,472
1509,1528,703,1043,1158,1166,1203,851,1007,1530,1027,1090,977,981,1209,1455,390
1135,1405,815,1260,1116,1506,1079,904,1074,1509,1085,946,1141,951,1227,1347,143
1168,1291,710,1334,1090,1499,1205,983,1077,1531,1074,968,1063,1006,1275,1276,540
1166,1385,690,1217,1126,1286,1284,1092,1082,1507,1059,943,1028,1011,1265,1385,297
1152,1237,809,1177,1304,1229,1306,1066,1005,1544,1068,943,1108,1040,1293,1279,361
1120,1306,694,1250,1152,1372,1246,1140,1098,1428,1171,931,1111,993,1234,1314,472
1222,1429,691,1069,1239,1124,1395,1039,1098,1515,1191,899,1103,890,1216,1368,390
1211,1261,724,1180,1076,1427,1218,1183,1095,1471,1146,996,981,1018,1300,1245,485
1342,1462,843,1336,1036,1273,1119,869,1058,1557,1017,945,1040,1006,1249,1408,991
1163,1500,697,1141,1220,1134,1405,957,1085,1558,1082,989,946,945,1254,1421,143
1001,1342,716,1308,1189,1419,1310,878,1134,1464,1062,1002,1060,1021,1338,1199,540
1204,1660,685,1216,1072,1008,1294,991,1115,1567,1122,977,1011,980,1230,1278,472
1183,1404,723,1085,1237,1180,1398,949,1115,1501,989,991,1007,1018,1307,1352,361
1115,1466,703,1332,1062,1355,1231,1002,1161,1451,1100,1037,1014,1020,1412,1085,485
942,1296,601,1446,966,1512,1278,982,1198,1357,1024,1028,983,1073,1445,1172,143
1118,1267,634,1147,1126,1308,1433,1125,1130,1460,1052,986,937,1050,1346,1281,297
989,1322,646,1314,1006,1513,1271,1165,1114,1304,1038,986,1169,1002,1305,1362,540
975,1089,744,1210,955,1690,1330,1183,1064,1318,1067,1097,1018,1152,1318,1246,472
1209,1419,748,1352,1108,1157,1176,1018,1134,1491,1066,1007,1064,1034,1309,1175,390
1205,1465,783,1339,1158,1266,1066,920,1127,1464,1088,1003,1045,971,1299,1283,991
914,1159,639,1317,1041,1744,1216,1080,1028,1426,1172,1110,1081,1088,1301,1074,485
995,1130,603,1197,966,1446,1529,1245,1063,1341,1090,1042,1045,1086,1279,1334,361
1087,1396,626,1271,1173,1524,1162,942,1094,1368,1120,1035,1059,1062,1271,1271,143
1505,1371,942,1026,1002,1186,1214,1034,1057,1467,1193,1027,1105,902,1245,1284,390
1237,1433,685,1205,1046,1380,1143,998,1041,1424,1196,1064,1152,938,1232,1233,472
1456,1400,881,1182,914,1177,1276,880,1065,1434,1065,1124,1071,953,1286,1282,991
1087,1334,772,1280,1123,1461,1184,920,1075,1482,1125,1107,1142,954,1201,1194,540
1221,1334,719,1223,982,1281,1387,1008,1061,1463,1110,1132,1091,933,1322,1168,485
1069,1425,641,1253,996,1399,1286,1132,1129,1345,1080,1027,986,1026,1294,1393,297
1178,1294,824,1185,1039,1469,1525,704,1097,1527,1138,1008,1095,977,1189,1216,143
1272,1443,762,1209,1028,1257,1412,887,1074,1517,1091,1030,1084,973,1282,1229,361
1047,1397,594,1300,1190,1445,1253,997,1045,1547,1142,1102,1014,951,1315,1097,540
1023,1407,576,1282,1214,1386,1292,1045,1017,1551,1084,1081,1024,984,1253,1286,297
1181,1511,685,1198,1053,1336,1245,1071,1079,1543,1281,986,1077,958,1246,1088,472
1346,1520,718,1240,1167,1047,1138,990,1010,1625,1162,1019,961,932,1249,1322,991
1293,1415,695,1237,1227,1174,1180,999,1089,1516,1219,1064,1005,1028,1274,1085,390
1237,1462,617,1109,991,1334,1275,1175,1038,1546,1275,1043,931,931,1317,1199,485
1104,1217,636,1111,1197,1383,1335,1297,1095,1446,1157,1065,903,985,1341,1288,472
1110,1162,657,1104,1268,1235,1387,1316,1152,1452,1114,1027,900,944,1376,1315,485
1327,1270,595,1128,1147,1299,1311,1203,1054,1455,1225,1063,858,995,1355,1275,297
1419,1334,788,1081,1127,1232,1182,1110,1068,1502,1153,1089,880,972,1332,1284,991
1204,1288,581,1274,1229,1514,1213,955,1065,1539,1179,1072,937,980,1328,1177,540
1242,1474,648,1293,1017,1295,1351,859,1075,1483,1006,1110,971,1023,1300,1312,143
1050,1202,786,1179,1218,1205,1454,1162,988,1537,964,1050,995,934,1283,1529,361
1327,1537,696,1096,956,921,1401,1147,1176,1436,1070,911,979,950,1240,1518,297
1514,1363,899,987,1051,1149,1173,1072,1121,1430,1245,1052,947,989,1296,1189,390
1418,1450,742,1042,1022,903,1461,1104,1176,1456,907,1031,995,946,1253,1516,991
1157,1552,828,1156,1147,1271,1215,886,1103,1475,1050,1025,999,999,1318,1311,472
1123,1511,733,1102,1026,1297,1329,1159,1152,1407,1105,996,928,976,1284,1432,485
1130,1447,626,1129,1062,1127,1501,1087,1200,1495,910,1016,1072,945,1272,1370,540
1362,1358,793,1217,1047,1200,1337,924,1128,1524,879,1048,960,993,1230,1502,297
1336,1406,598,1248,1059,1232,1328,924,1095,1457,1010,953,1132,950,1253,1430,991
1339,1431,720,1133,927,1258,1259,1192,1117,1352,1245,989,1047,930,1292,1308,485
1276,1496,936,1071,1161,982,1363,927,1118,1539,984,1085,939,954,1258,1396,361
1260,1525,666,1321,1055,1207,1244,902,1086,1357,1180,949,1209,921,1273,1303,540
1179,1599,741,1302,867,1274,1287,954,1134,1408,1082,920,1222,909,1209,1396,472
1484,1536,889,1225,951,1095,1254,752,1186,1464,899,1066,977,945,1252,1393,143
1475,1504,726,1198,981,1256,1197,943,1105,1459,1107,965,1092,951,1255,1346,390
892,1576,572,1043,1163,1502,1314,1133,1032,1370,1114,1177,1025,1004,1276,1282,472
1367,1257,711,985,1191,1037,1299,1413,1058,1370,1180,1008,1110,952,1241,1361,297
1026,1351,669,1180,1040,1614,1082,1285,1043,1293,1213,1073,1123,886,1293,1356,485
1367,1423,820,1232,1006,1168,1098,1128,962,1422,1044,1185,1062,969,1242,1394,991
934,1539,607,1067,1138,1439,1397,1134,1022,1360,1057,1174,980,1008,1304,1375,143
993,1335,599,1257,1178,1536,1219,1163,1044,1399,1016,1084,1108,923,1326,1380,540
1024,1419,668,1074,1174,1256,1339,1301,1101,1344,1045,1049,1052,905,1345,1439,361
1157,1380,563,1058,1105,1324,1373,1111,1034,1417,954,1182,1028,1024,1311,1330,390
1280,1282,885,1312,1000,1462,1064,992,1038,1373,1160,1023,1182,1022,1239,1243,472
1022,1188,672,1326,1171,1361,1456,877,1088,1473,959,1042,1053,1052,1348,1265,143
1338,1253,864,1251,1010,1255,1165,1144,1017,1342,1094,1026,1154,998,1276,1373,297
1361,1356,788,1335,1114,1116,1318,876,1092,1453,974,1072,1049,1044,1352,1244,991
1005,1228,626,1337,1224,1430,1482,869,1093,1510,952,1030,1101,1052,1343,1199,540
986,1245,461,1428,1142,1471,1289,981,1040,1582,975,1082,933,1147,1310,1203,361
1222,1446,705,1305,1050,1300,1109,1077,1033,1559,1080,1010,987,1089,1237,1278,390
1011,1526,580,1107,1121,1150,1365,1314,1129,1430,1175,1054,980,953,1226,1333,361
1339,1597,783,1082,1126,892,1271,1152,1073,1406,1105,1002,1081,1006,1176,1431,297
1264,1248,885,1179,994,1382,1131,1146,1030,1331,1241,1060,1084,962,1271,1301,485
1262,1462,730,1131,1154,1079,1117,936,1077,1409,1013,1130,1020,1101,1211,1319,143
1396,1656,842,1120,1048,1145,1079,879,1073,1358,1197,1037,1120,1039,1141,1315,472
1445,1471,875,1064,1024,791,1266,1197,1058,1445,1033,1096,942,1063,1160,1483,991
1053,1544,756,1241,1053,1122,1287,1215,1134,1359,1048,1011,1098,1014,1304,1312,540
1374,1151,720,989,944,1355,1347,1362,1121,1351,1198,1069,1018,958,1229,1336,390
1295,1203,820,1290,880,1597,1082,988,1134,1300,1131,954,1215,977,1293,1276,472
1134,1250,859,1112,1069,1306,1360,1131,1025,1365,1087,1043,1067,1085,1266,1342,361
1163,1248,814,1162,992,1312,1350,1212,1015,1398,1021,1056,1012,1078,1306,1394,297
1355,1148,890,1198,991,1449,1258,926,1080,1412,1027,1046,1026,1006,1298,1385,143
1123,1388,525,1370,1061,1674,1268,817,1137,1314,1148,1033,1249,1019,1294,1086,540
919,1288,606,1327,1111,1435,1388,1091,1125,1386,1142,1012,1101,981,1319,1214,297
1147,1180,842,1084,936,1431,1284,1313,1010,1313,1258,1113,1033,1055,1228,1270,485
1106,1317,612,1265,1139,1303,1343,1150,1097,1455,1123,1025,1101,968,1258,1253,390
959,1354,686,1272,1106,1370,1288,1102,1107,1374,1189,997,1140,985,1230,1258,472
1024,1254,647,1212,1093,1367,1379,1233,1106,1436,1144,980,1107,901,1223,1383,361
1125,1106,517,1125,988,1501,1474,1396,1130,1427,1092,1037,842,983,1407,1307,485
970,1116,453,1337,985,1675,1406,1142,1194,1407,1070,1044,914,1000,1476,1175,143
926,1208,457,1284,1059,1652,1337,1239,1125,1463,1191,985,995,973,1335,1213,540
1108,1527,632,1340,1143,1425,1109,908,1147,1384,1175,1113,1051,1003,1349,1058,472
1579,1400,813,1298,797,1258,1000,949,1107,1376,1139,1010,1125,942,1210,1371,991
1201,1225,492,1030,1008,1312,1492,1462,1120,1495,1034,1042,764,982,1414,1429,297
1260,1229,699,1054,1057,1336,1366,1279,1106,1389,1120,1062,993,977,1280,1353,390
1214,1517,744,1197,988,1419,1102,1072,1050,1442,1175,1128,1086,956,1243,1200,472
1025,1414,630,1337,1140,1507,1117,1084,1109,1367,1212,1104,1103,966,1312,1107,485
1176,1704,685,1215,961,1272,1115,1070,1082,1484,1070,1096,1053,943,1229,1323,297
948,1615,573,1299,1191,1303,1216,1080,1112,1349,1149,1045,1087,1018,1327,1193,361
1113,1482,749,1277,1093,1479,1030,888,1097,1528,1135,1184,1000,985,1288,1051,540
1181,1364,686,1243,1056,1484,1192,945,1056,1412,1048,1194,985,1018,1285,1282,143
1045,1161,556,1010,1147,1312,1602,1390,1061,1496,857,1029,970,943,1276,1499,297
1222,1526,649,1204,921,1250,1306,1137,1045,1533,1035,1064,982,960,1205,1456,390
1052,1298,502,1089,1092,1436,1382,1350,1067,1476,1009,1035,949,925,1288,1531,485
1461,1589,863,1200,891,1208,1002,908,1030,1447,1016,1150,1047,981,1180,1429,991
1080,1279,699,1242,1177,1229,1353,1221,1068,1346,1020,1011,1024,996,1340,1448,143
808,1239,631,1218,1284,1381,1396,1318,1022,1363,968,1045,993,1123,1296,1470,361
1443,1257,689,1146,1095,978,1266,1386,1064,1417,954,1053,934,1003,1402,1453,991
900,1311,669,1229,1187,1080,1474,1397,1074,1371,998,1008,989,964,1345,1531,297
1030,1325,592,1161,1146,1382,1296,1258,1035,1458,966,1091,1057,924,1245,1449,472
1312,1198,655,1082,1144,1018,1449,1411,1093,1485,1020,1028,916,922,1415,1401,485
778,1325,621,1360,1185,1547,1383,1081,1058,1313,1086,1002,1131,1057,1278,1327,540
1411,1525,730,1136,985,1154,1115,1199,1130,1329,985,1034,1054,973,1307,1468,143
1358,1348,754,1091,1194,1075,1267,1180,1056,1257,1006,1040,1069,984,1350,1486,297
1514,1464,907,1091,1202,1013,1104,939,1032,1327,966,1101,1028,1003,1329,1494,991
1081,1400,570,1150,1179,1235,1203,1281,1084,1327,973,1033,1107,933,1312,1511,361
1171,1477,793,1181,1194,997,1330,996,1074,1303,1116,1004,1089,1013,1325,1343,472
1472,1178,912,1046,1076,841,1464,1206,1058,1454,993,978,1049,929,1337,1482,390
996,1497,772,1179,1112,1194,1288,1162,1069,1485,1035,1033,1032,1077,1231,1318,361
1361,1390,866,1128,970,1045,1450,1004,1095,1389,934,1037,966,1080,1337,1442,143
1142,1351,635,1187,1367,1175,1443,980,1037,1463,906,1092,1018,1018,1375,1371,540
1198,1281,727,1078,1318,986,1399,1290,1043,1368,1064,1047,1010,1002,1355,1391,485
1087,1274,693,1076,1204,1293,1348,1193,1090,1459,1125,1025,989,985,1312,1273,143
1034,1451,798,1077,922,1085,1499,1241,1112,1476,982,1037,1028,991,1293,1361,297
1327,1519,884,1111,1012,958,1240,1107,1059,1558,1025,991,1060,993,1235,1359,991
1200,1409,676,1032,1251,1110,1337,1259,1071,1493,1089,968,988,962,1298,1411,361
1259,1450,845,1006,1229,927,1410,1054,1058,1464,1058,1045,961,1074,1271,1349,390
1173,1565,762,1050,1253,1047,1348,1031,1075,1502,1083,1022,1047,1036,1167,1348,472
1021,1371,628,1007,1101,1317,1454,1372,1158,1488,1113,980,966,934,1346,1295,485
1401,1636,752,1186,1006,1213,1175,911,1157,1602,998,1039,865,987,1392,1240,143
1546,1412,882,1212,947,1302,1029,872,1097,1552,1007,1114,812,1096,1378,1202,991
1394,1439,766,1285,924,1319,1096,1057,1080,1465,1042,1058,955,1044,1298,1320,361
1458,1490,729,1209,877,1320,1126,886,1091,1587,1076,1039,918,1015,1277,1277,390
1324,1593,677,1155,956,1094,1455,1026,1194,1582,947,963,821,959,1373,1424,297
927,1230,638,1141,1375,1446,1322,1116,1099,1519,1040,1011,1037,966,1342,1266,540
1631,1273,788,1119,1022,1098,1263,982,1103,1440,791,1106,930,947,1272,1642,991
1283,1148,807,1211,984,1552,1006,1119,1072,1455,1196,1028,936,1057,1302,1234,485
1471,1240,799,1263,1065,1298,1052,982,1024,1367,1011,1090,1007,1048,1290,1443,143
1224,1424,721,1303,889,1551,1202,816,1102,1552,1063,1028,954,1073,1286,1213,472
1428,1205,998,928,1050,1289,1253,1129,1054,1430,1068,946,966,986,1255,1575,390
1389,1515,747,961,1156,1087,1308,1108,1154,1453,980,977,890,889,1314,1599,361
1078,1273,887,1132,1148,1327,1268,1036,1056,1467,1120,935,1085,969,1275,1373,540
1096,1481,602,1347,1015,1374,1393,902,1157,1412,827,1031,934,1035,1461,1420,361
1214,1181,797,1114,968,1377,1448,1170,1075,1409,1064,980,1032,969,1313,1438,143
1297,1223,948,937,976,1121,1404,1340,1070,1402,1012,906,1003,983,1249,1626,297
1634,1206,1018,1008,970,1068,1215,1015,1034,1393,994,1026,925,1030,1276,1596,991
993,1416,585,1270,997,1441,1311,989,1151,1434,996,1043,1021,1028,1394,1213,472
1342,1545,654,1294,1026,1290,1307,822,1111,1509,821,1150,912,1032,1457,1288,390
1414,1402,859,1144,1081,1138,1126,1054,1113,1238,1012,1021,1023,1121,1471,1281,361
1382,1512,733,1077,975,1164,1330,981,1103,1265,965,1041,974,1119,1426,1382,297
1409,1283,857,1021,941,1178,1204,1367,1023,1366,1256,1006,1037,996,1266,1330,485
1336,1454,915,1178,958,1184,1218,851,1167,1211,942,989,1075,1099,1501,1296,540
1510,1567,871,1145,979,1053,1228,849,1061,1347,1022,1069,910,1151,1313,1407,991
1395,1468,750,1153,948,1318,1254,901,1106,1273,1000,970,1031,1136,1428,1336,143
1107,1354,841,1115,1186,1226,1243,1208,1089,1439,1057,1134,1046,952,1333,1230,472
1364,1287,1077,946,956,1099,1179,1327,1076,1368,1211,978,1094,959,1244,1350,390
1321,1353,819,1040,912,1565,1169,954,1186,1398,1024,1048,892,991,1391,1347,143
1216,1061,919,951,1052,1257,1381,1380,1104,1440,1088,998,1011,1003,1329,1307,297
1254,1055,986,973,1023,1348,1249,1325,1089,1429,1145,1011,1013,1009,1331,1252,485
1210,1375,836,1084,943,1634,1267,861,1182,1447,953,1098,879,1021,1394,1306,472
1129,1313,853,1003,1066,1177,1422,1317,1121,1481,1051,1007,974,1009,1348,1280,361
1442,1442,1082,1030,919,1184,973,920,1174,1413,1001,1057,950,994,1351,1340,991
1228,1365,623,1177,1171,1284,1345,1041,1112,1476,1201,1038,1107,978,1349,1019,485
1149,1176,874,1167,1010,1490,1148,1068,1135,1414,1145,939,1194,930,1268,1255,540
1409,1126,806,1002,1030,1405,1342,1066,1145,1436,1055,970,935,1037,1342,1360,390
1218,1630,666,1082,1044,1239,1357,989,1046,1377,1229,1001,1180,983,1226,1238,472
1261,1400,681,1109,1043,1128,1460,1135,1056,1377,1147,993,1101,1010,1294,1302,361
1125,1225,440,1137,1240,1175,1559,1309,1100,1448,989,1056,936,994,1475,1282,297
1328,1096,612,1055,1319,1301,1489,1044,1129,1498,954,1070,895,1091,1475,1168,143
1506,1453,709,1072,955,1161,1439,985,1040,1446,1011,1084,966,944,1252,1537,991
1305,1277,599,1049,944,1351,1481,1205,1041,1379,1102,1105,939,1002,1296,1416,485
1255,1079,698,1091,938,1310,1445,1355,1100,1274,1113,1093,986,1013,1373,1322,390
1204,1241,583,1195,1121,1365,1480,948,1064,1446,1032,1063,1044,998,1247,1371,540
1047,1373,630,1149,1011,1449,1284,1190,1158,1399,1088,943,1023,1032,1267,1310,297
1236,1556,796,1036,967,1197,1126,1337,1065,1444,1139,1007,969,1053,1312,1291,472
1135,1428,879,1228,1045,1294,1184,1067,1075,1340,1212,951,1166,884,1216,1436,540
1118,1537,787,1084,1062,1161,1173,1305,1080,1435,1047,953,1037,1007,1221,1488,361
1254,1323,998,1064,984,1209,1251,1157,1077,1426,1142,938,1061,963,1238,1435,991
986,1305,942,1077,1066,1316,1431,1136,1105,1375,1048,886,1047,1032,1212,1575,472
1001,1635,746,1122,1002,1393,1176,1083,1157,1436,1195,929,1046,927,1275,1315,143
900,1266,756,1085,1017,1530,1311,1360,1086,1448,1213,943,1041,944,1235,1370,485
1483,1415,992,1018,1021,977,1165,1139,1033,1352,1197,900,1129,916,1192,1535,390
1101,1260,1012,1055,1129,1212,1342,1139,1106,1372,881,988,1096,993,1269,1523,361
1325,1179,1068,1025,1193,1193,1219,1078,1060,1349,873,994,1095,1056,1195,1646,991
1395,1182,1001,1019,977,1294,1194,1199,1033,1405,1094,1093,1024,993,1293,1345,485
1476,1315,943,1070,1052,1127,1270,1009,1069,1343,952,1066,1049,995,1325,1412,143
998,1176,988,1167,1074,1391,1378,1052,1066,1338,1078,874,1192,1041,1236,1455,540
1470,1602,848,1083,903,1049,1154,1018,1054,1453,1274,956,1010,860,1186,1487,991
1438,1673,919,965,909,884,1293,1056,1094,1467,1256,929,1066,847,1220,1401,390
1395,1553,810,1045,952,1093,1235,1124,1102,1424,1241,974,968,874,1253,1444,361
1302,1260,597,1276,1265,1430,1096,1054,1022,1520,1000,1165,925,1036,1281,1331,143
1147,1380,667,1349,1081,1197,1133,1319,1080,1489,1035,1067,1013,941,1228,1388,485
1206,1334,612,1275,1254,1539,1050,1010,1012,1494,1073,1119,1012,1019,1232,1319,540
970,1374,637,1091,1062,1321,1571,1253,1098,1409,1130,894,969,1020,1229,1511,297
1354,1337,902,1127,1134,1358,1111,851,1035,1397,1035,1088,1073,1054,1237,1361,472
1308,1362,731,1176,1219,1208,1145,1042,1004,1507,965,1198,943,1027,1296,1331,991
1176,1258,675,1357,1069,1540,1158,909,1010,1420,1029,1098,1082,999,1216,1380,540
1099,1234,625,1407,995,1645,1267,925,1046,1411,1036,1005,1138,970,1230,1444,143
1346,1354,707,1155,1078,1330,1093,1053,1012,1454,1041,1099,999,1043,1214,1348,390
1085,1126,660,1288,996,1601,1233,1107,1053,1394,1205,1021,1054,960,1220,1323,485
959,1171,763,1242,1360,1518,1139,1128,1043,1430,1164,1040,1136,963,1337,1167,361
951,1419,621,1357,1154,1398,1288,1001,1060,1482,957,1093,1010,998,1315,1365,297
924,1353,720,1312,1193,1397,1202,1047,1057,1526,1074,959,1131,927,1261,1345,540
1062,1482,868,1284,1057,1380,1048,1077,1011,1438,1075,983,1202,954,1215,1402,472
1030,1252,640,1303,1171,1451,1455,920,1088,1371,1056,1010,1009,1052,1274,1420,143
1443,1306,1049,1072,1139,974,1095,1164,1040,1474,1076,1008,998,967,1248,1469,991
1284,1089,736,1138,1033,1434,1229,1295,1089,1296,1124,1077,994,1044,1215,1441,485
1215,1242,727,1213,1030,1242,1371,1231,1107,1271,882,1030,935,1076,1316,1648,361
1338,1356,966,1029,933,1063,1384,995,1083,1468,1123,1045,919,1056,1160,1424,991
1323,1268,922,1062,954,1198,1435,1052,1098,1378,1068,1071,927,1039,1202,1490,143
1300,1032,651,1191,1004,1285,1451,1319,1111,1299,911,1053,928,1001,1303,1610,297
1117,1114,600,1372,1036,1442,1298,1167,1092,1347,988,1063,1034,1063,1272,1418,540
1108,1284,787,1305,850,1467,1313,1094,1109,1370,1083,1058,1093,1041,1218,1308,472
1118,1065,861,1228,1195,1447,1301,999,1125,1390,1109,1015,1000,1009,1260,1372,390
984,1385,597,1280,1234,1356,1293,1123,1094,1460,964,1046,1108,939,1246,1423,361
1268,1247,749,1180,1195,1170,1321,1150,1154,1298,966,942,1018,999,1264,1542,297
1287,1256,672,1229,1207,1293,1282,1054,1178,1309,966,933,992,962,1313,1618,143
1125,1310,652,1288,1236,1242,1327,1080,1143,1319,1030,923,1119,986,1236,1500,540
1440,1192,887,1046,1216,806,1332,1196,1153,1341,734,1048,845,1081,1387,1579,361
1599,1482,752,1129,1048,993,1278,958,1071,1428,959,1068,995,980,1136,1515,991
1142,1283,875,1074,1120,1275,1253,1258,1080,1418,1052,1209,894,1096,1336,1195,485
1305,1158,775,1060,1290,971,1440,1281,1091,1432,834,1060,933,939,1257,1625,297
1411,1269,803,1166,1203,1163,1185,1039,1119,1279,925,973,1046,1075,1273,1543,390
1172,1285,886,1192,1197,1331,1157,1060,1127,1257,991,910,1126,1004,1288,1577,472
1012,1431,619,1060,1168,1110,1494,1361,1055,1453,1035,989,1034,911,1272,1479,143
1332,1424,608,1342,849,1226,1310,1012,1157,1334,1084,1027,986,949,1355,1387,297
1179,1575,677,1051,977,1169,1286,1185,1140,1351,992,965,1005,913,1301,1598,361
871,1324,619,1086,1272,1389,1457,1216,1074,1524,930,1008,1083,969,1310,1382,540
1161,1494,740,1244,922,1454,1277,958,1154,1343,1191,967,1095,956,1387,1187,472
1450,1593,709,1108,865,1147,1146,1160,1147,1332,996,948,1005,937,1337,1523,991
1567,1644,671,1281,769,1151,1163,936,1149,1319,1187,1051,1012,956,1362,1244,390
1021,1376,663,1119,1125,1280,1529,1153,1148,1378,887,913,1124,943,1340,1496,297
1350,1295,648,1180,827,1412,1280,1279,1172,1284,1055,1090,1024,940,1353,1362,485
1568,1417,809,1082,944,857,1303,1266,1046,1336,982,992,1072,1054,1249,1490,991
994,1421,642,1176,1074,1351,1462,865,1158,1335,912,1014,1068,1024,1371,1398,143
1184,1377,703,1159,1076,1295,1327,1128,1052,1374,938,1018,1102,1028,1345,1423,361
1127,1365,761,1266,994,1281,1285,967,1053,1353,1031,993,1242,1004,1262,1342,540
1265,1485,723,1043,888,1225,1440,1049,1076,1288,1167,990,1105,1024,1229,1401,297
1199,1543,819,1149,988,1088,1227,1104,1055,1346,1049,951,1201,999,1208,1435,472
1145,1512,699,1153,1054,1317,1267,1106,1070,1332,1032,990,1057,995,1357,1397,143
1232,1640,665,1058,941,1276,1350,1021,1061,1348,1184,979,1156,983,1207,1362,390
1328,1319,779,1077,951,1370,1274,1182,1096,1342,1223,1031,987,1012,1303,1286,485
1362,1461,814,1128,1090,1091,1176,1025,1028,1422,1036,1007,1041,981,1256,1444,991
1216,1287,712,1041,1090,1346,1338,1222,1155,1462,1006,1094,901,1029,1259,1374,297
1171,1303,667,1116,1242,1273,1254,1067,1158,1368,918,1114,929,1053,1310,1430,361
1082,1301,618,1244,1233,1582,1143,1014,1181,1390,1023,1142,924,1077,1280,1250,540
1375,1486,672,1044,1033,1381,1132,1048,1099,1415,1218,1087,977,1048,1241,1195,390
1222,1352,671,1179,1158,1198,1212,1288,1114,1286,1109,1050,1045,969,1270,1437,297
1318,1439,756,984,989,1494,1127,1023,1136,1339,1186,1146,997,1043,1295,1138,472
934,1278,653,1064,1215,1394,1311,1431,1056,1318,1246,1029,1004,1006,1288,1333,485
1299,1455,750,1033,1043,1190,1323,1094,1082,1418,1127,1115,919,1020,1300,1299,143
1253,1381,683,1056,1044,1161,1399,1303,1144,1314,1085,994,963,980,1310,1480,361
1083,1629,746,1044,1022,1237,1395,1024,1110,1354,1359,902,1083,978,1170,1324,472
1371,1372,801,1056,1227,1094,1192,1133,1020,1326,1087,1047,992,1008,1245,1555,991
1033,1412,744,1099,920,1274,1469,1228,1105,1422,1249,1000,984,974,1270,1276,485
1197,1455,701,1095,847,1400,1502,1083,1060,1443,1060,1006,897,1075,1391,1337,143
1028,1634,626,1047,1036,1126,1490,1136,1125,1326,1255,922,1004,985,1241,1416,297
1211,1332,633,1323,1048,1348,1154,1119,1108,1422,1042,1046,1062,1007,1309,1284,540
1293,1455,947,1058,1033,1235,1142,1002,1080,1345,1141,1037,1003,959,1261,1454,390
1140,1252,876,1092,851,1388,1306,1169,1111,1466,946,1007,983,1114,1353,1300,472
1055,1330,834,1099,928,1246,1422,1284,1039,1445,1026,979,954,1039,1374,1424,361
1117,1206,873,1087,1013,1186,1321,1467,1064,1365,984,1052,1003,1078,1254,1480,297
1307,1343,988,1086,850,1290,1208,1119,1020,1435,976,1017,999,1048,1265,1520,991
1110,1288,822,1098,1002,1381,1292,1242,1028,1367,1077,1048,1013,1034,1240,1473,485
1178,1114,822,1189,1216,1370,1319,1043,1004,1438,1220,1020,1114,995,1241,1248,472
764,1281,739,1273,1195,1249,1407,1318,1046,1410,1128,1018,1183,1084,1210,1201,540
1271,1148,741,1075,1213,1254,1407,1171,1030,1386,1174,998,1078,1004,1252,1353,361
1146,1270,795,1136,1058,1207,1276,1202,1050,1359,967,1041,1005,1071,1209,1483,143
998,1321,813,1159,1045,1303,1174,1411,1112,1284,1183,916,1212,1001,1191,1381,485
1181,1303,835,1066,1141,1220,1392,1142,1021,1465,1216,997,1037,1036,1216,1292,390
1220,981,751,1163,1285,1204,1428,1248,1039,1432,1103,977,1100,956,1217,1456,297
1284,1275,911,1206,1166,1222,1048,1168,1049,1407,1212,987,1271,930,1218,1206,991
1252,1346,587,1142,1074,1424,1333,1122,1139,1479,1193,997,988,1009,1308,1167,485
977,1492,682,1111,958,1666,1191,1119,1083,1374,1331,933,1122,1024,1197,1216,472
1071,1480,553,1132,1054,1272,1450,1195,1140,1476,1183,947,1024,969,1353,1188,361
1243,1340,759,1124,1014,1344,1231,1211,1113,1527,1204,899,1114,907,1200,1316,390
1098,1372,572,1204,1009,1484,1339,1118,1108,1376,1306,1026,1056,1030,1229,1149,540
1482,1446,1043,1045,814,1167,1064,1164,1031,1349,1120,1047,1149,886,1150,1537,991
1073,1485,740,1111,983,1174,1351,1288,1107,1383,1033,974,1131,917,1192,1534,297
1086,1336,504,1208,1087,1503,1374,1089,1158,1466,1163,1035,907,1020,1363,1168,143
978,1474,758,1051,1006,1329,1378,1306,1099,1420,1247,998,1093,861,1266,1296,485
1260,1564,807,1309,962,1329,1094,875,1098,1361,1024,1068,1020,975,1186,1517,540
1166,1548,880,1194,973,1130,1281,1108,1084,1342,964,1040,1105,944,1271,1530,361
1383,1533,832,1149,927,1214,1050,935,1077,1272,1101,1106,948,1001,1198,1470,991
1218,1559,733,1392,884,1407,1104,906,1078,1374,1053,1057,1038,1023,1168,1452,390
1159,1452,737,1174,995,1324,1227,1093,1110,1275,1101,1011,993,980,1223,1587,297
1178,1261,545,1303,1171,1325,1240,1223,1025,1418,1111,980,984,1067,1234,1461,361
1224,1255,742,1225,1022,1396,1129,1286,1127,1353,1117,1016,1020,1052,1278,1317,485
1149,1567,836,1149,973,1134,1272,1189,1103,1376,1160,974,1138,915,1311,1303,472
1192,1213,700,1255,1147,1423,1154,1104,1075,1315,1113,1054,988,1095,1265,1375,143
1370,1263,707,1366,1118,1136,1186,1076,986,1443,980,992,986,1029,1273,1520,991
1152,1247,825,1160,1115,1117,1349,1315,1021,1432,897,1004,1043,886,1208,1623,297
1188,1511,834,1140,1142,1090,1184,1086,1024,1444,1091,1019,1045,990,1224,1443,991
1468,1337,840,1198,1154,975,1206,1076,988,1539,911,1007,1018,931,1240,1623,390
1072,1313,678,1252,1017,1319,1363,1266,1055,1383,1032,1044,1134,982,1256,1392,297
1185,1348,734,1420,1079,1391,999,1124,1064,1304,1130,1050,1144,1071,1246,1271,540
1158,1503,853,1138,1079,1214,1286,988,1006,1463,1034,1106,1035,1073,1149,1414,472
1248,1387,899,1122,1053,1073,1263,1211,1036,1400,1069,1100,996,958,1254,1402,485
1202,1359,817,1181,1100,1256,1292,1073,1010,1436,968,1176,910,1064,1263,1439,143
1282,1366,847,1168,1078,1041,1286,1124,1053,1343,952,1041,995,978,1246,1588,361
1177,1169,629,1129,1152,1433,1301,1130,1075,1351,1125,1040,1052,1062,1281,1294,472
1144,1435,582,1172,1099,1115,1587,1090,1124,1578,1079,1023,979,964,1286,1247,390
1144,1310,617,1020,1199,1259,1493,1207,1055,1364,1079,1051,1002,1094,1274,1361,297
1225,1407,618,1188,1156,1022,1609,993,1049,1523,930,1069,1058,968,1251,1415,991
1045,1277,656,1168,1244,1394,1442,1046,1080,1370,1099,1019,1108,1054,1299,1251,540
1275,1162,636,1085,1027,1542,1197,1208,1096,1298,1180,1070,987,1064,1284,1300,485
1336,1331,673,1077,1065,1478,1168,1036,1082,1267,1097,1040,1008,1115,1239,1432,143
1558,1481,643,1097,929,1118,1217,1200,1122,1323,1159,974,964,938,1268,1500,297
1550,1421,874,1115,906,1132,1141,1065,1105,1349,1150,1029,931,978,1233,1505,991
1329,1585,652,1046,1068,1179,1279,1051,1059,1433,1174,1029,927,1046,1261,1351,361
1342,1281,757,1243,1144,1306,1384,756,1031,1506,893,1181,858,1019,1288,1504,143
1085,1450,689,1324,1065,1468,1142,1036,1110,1368,1180,1026,1054,964,1225,1353,540
1584,1518,716,1070,890,1197,1146,1083,1116,1336,1222,961,1033,943,1245,1413,390
1349,1495,759,1119,959,1374,1114,1027,1109,1332,1273,983,1056,947,1230,1350,472
1590,1607,810,1094,1066,1107,1109,887,1036,1407,1070,1076,951,968,1179,1561,991
1228,1205,655,1208,1044,1390,1402,1134,1001,1483,1050,1047,988,950,1220,1541,297
1165,1362,692,1110,1135,1297,1349,1143,1081,1444,1067,1121,818,1040,1321,1345,485
1281,1346,758,985,1127,1220,1380,1151,1035,1440,994,1129,916,1019,1207,1530,361
1321,1404,751,1034,1175,1346,1379,853,1086,1573,1037,1087,1049,1020,1159,1269,540
1372,1431,770,982,1133,1273,1348,938,1062,1479,996,1128,955,999,1206,1455,143
1065,1074,732,1262,1033,1350,1551,1088,1125,1395,910,1041,997,1042,1393,1377,297
1466,1423,924,908,1199,986,1367,886,1062,1499,986,1036,1016,976,1233,1468,390
1030,1283,827,1222,1139,1295,1332,1132,1111,1350,1083,982,1197,933,1291,1333,472
1234,1134,803,1334,1069,1265,1473,968,1102,1463,860,1015,993,979,1377,1427,991
1252,1120,908,1259,1036,1504,1211,979,1073,1274,1024,1032,1150,1004,1378,1345,485
1125,1149,908,1224,1129,1310,1344,1053,1047,1218,943,991,1127,1009,1367,1545,361
1089,1217,936,1320,1088,1443,1227,960,1037,1242,1008,990,1229,1009,1316,1449,540
1346,1118,853,1146,1103,966,1370,1349,1006,1329,1064,961,1114,887,1227,1618,297
1072,1031,868,1186,1154,1382,1296,1285,976,1232,1120,908,1199,943,1203,1606,143
1485,1055,911,1159,1067,1042,1264,1192,984,1296,940,1053,1049,941,1335,1679,390
1320,1222,801,1241,945,1400,1272,1074,1014,1312,989,1046,1072,1032,1277,1486,472
1268,1349,609,1237,1061,1417,1393,929,1078,1419,985,984,1051,1031,1294,1438,361
1228,1523,526,1105,1108,1516,1287,930,1125,1537,1077,972,985,945,1278,1361,143
1328,1306,559,1392,961,1616,1292,786,1185,1449,988,1015,1058,1026,1322,1237,540
1603,1036,763,1169,1043,1104,1423,1139,1035,1398,891,1061,911,1044,1317,1623,991
1211,1109,633,1323,905,1540,1353,1091,1066,1458,1145,1024,991,1043,1260,1293,485
1106,1406,701,1300,1066,1414,1295,989,1085,1472,1111,1010,1099,1041,1344,1118,472
1278,1163,858,1132,1031,1573,1142,1103,1139,1460,1105,962,1157,974,1326,1157,390
1175,1341,837,1306,1107,1232,1144,962,1039,1461,1129,997,1173,1031,1281,1169,540
1110,1161,689,1349,981,1504,1316,1019,1122,1339,1067,1056,1033,1075,1380,1208,143
1554,1515,876,1254,1008,1038,1093,870,1062,1476,1115,1084,996,978,1249,1320,991
1258,1304,816,1424,1035,1503,1095,760,1044,1416,974,990,1238,1023,1190,1405,472
991,1344,747,1240,1025,1331,1373,1120,1113,1402,1077,1015,1081,1057,1358,1177,361
1247,1413,494,1125,990,1416,1503,1080,1107,1434,1030,1010,947,1015,1330,1407,297
1448,1257,843,1254,1102,1308,1128,900,1034,1368,1031,1060,1129,973,1256,1410,390
1324,1298,756,1311,881,1534,1117,1030,1062,1397,1103,1117,1088,1046,1206,1261,485
1282,1227,623,1208,978,1418,1305,1188,1103,1350,1130,1083,887,1030,1344,1353,143
1112,1204,648,1374,1038,1542,1192,1120,1072,1300,1161,1058,1031,1024,1360,1274,540
1226,1285,657,1288,1125,1275,1324,997,1129,1406,1045,1054,1008,956,1337,1345,143
1367,1303,851,1131,947,1226,1341,1106,1057,1456,1037,1052,866,1018,1367,1427,991
979,1598,477,1090,1004,1463,1521,1063,1117,1423,1087,1061,813,1027,1479,1273,361
1249,1439,611,1272,1020,1218,1322,1111,1163,1405,1042,1027,896,957,1474,1316,297
1100,1341,516,1302,1086,1467,1249,1164,1130,1432,1118,1055,960,909,1393,1283,485
1065,1490,535,1256,979,1647,1245,1025,1118,1356,1193,1004,970,1018,1404,1217,472
1295,1553,850,991,855,1213,1317,1034,1064,1471,1080,1083,950,982,1235,1415,991
1141,1401,800,1093,929,1054,1402,1405,1072,1506,1000,986,1021,907,1255,1533,297
1218,1146,878,1202,1080,999,1486,1269,1012,1535,973,960,1112,927,1185,1415,472
1372,1583,704,1029,801,1374,1309,880,1115,1348,1161,1048,963,972,1390,1283,143
1376,1383,764,1263,1130,1276,1114,974,1114,1406,1084,1035,1075,903,1389,1274,390
1086,1329,766,1140,921,1093,1436,1457,1067,1541,1017,1021,1035,914,1225,1460,485
1238,1521,672,1190,925,1496,1382,810,1094,1449,980,1096,1010,967,1389,1276,540
1104,1502,629,953,980,1337,1440,1209,1062,1423,1121,1035,1033,921,1247,1357,361
1399,1513,601,1005,1109,1293,1393,924,1072,1553,1024,1066,941,939,1215,1470,143
1347,1501,579,992,1079,1311,1430,920,1070,1565,983,1077,901,942,1237,1505,390
1503,1199,725,1155,1143,1359,1238,933,948,1543,1134,1024,1003,1014,1164,1450,991
1212,1495,552,1107,1143,1377,1330,846,1059,1574,1077,1129,943,994,1168,1329,472
1292,1314,641,1089,1164,1611,1319,771,1067,1538,975,1105,985,971,1259,1380,540
1234,1346,503,988,1117,1491,1361,1058,1096,1589,1071,1116,810,966,1287,1339,485
1235,1469,832,1007,1196,1000,1443,1029,1109,1553,1067,958,1098,925,1188,1370,361
1269,1517,784,1327,1059,1274,963,928,1053,1562,1131,1108,1089,991,1136,1210,991
1051,1436,576,1367,1122,1648,1210,856,1000,1558,1174,1135,1064,1041,1093,1215,143
1242,1391,776,1288,1134,1431,1083,860,997,1603,1219,1110,1104,1022,1071,1120,390
1138,1620,826,1240,1089,1125,1180,946,1114,1541,1165,1009,1113,953,1206,1179,472
1217,1577,786,1077,1000,968,1519,1054,1026,1534,1182,878,1088,932,1185,1455,361
1490,1555,919,1202,895,1031,1207,867,1062,1508,1162,933,1023,981,1294,1317,991
1122,1428,810,1111,1200,1124,1247,1178,1089,1562,1255,1022,1082,935,1225,1110,485
1114,1533,712,1337,1177,1294,1133,896,1120,1500,1113,976,1152,962,1255,1159,540
1088,1492,420,1104,997,1533,1447,1153,1052,1498,1048,1036,919,994,1319,1357,297
1426,1378,990,1070,987,1050,1101,1102,1038,1458,1138,989,1052,927,1323,1355,390
1193,1574,717,1154,995,1294,1340,885,1130,1458,1004,1066,884,1015,1363,1360,143
1197,1284,824,1224,1088,1352,1152,1006,1036,1382,1081,1031,1127,967,1267,1389,472
1262,1141,756,1021,1281,1472,1174,1096,1098,1410,1022,1129,901,990,1414,1316,361
1024,1470,658,1266,1050,1228,1257,1131,1126,1394,1002,963,1070,976,1185,1564,297
1082,1361,838,1184,1018,1359,1253,1171,1099,1324,1076,979,1214,959,1261,1368,472
882,1182,552,1303,1250,1697,1330,1063,1065,1384,1025,1093,961,1065,1355,1312,540
1058,1326,711,1036,1029,1347,1399,1302,1043,1403,1092,1035,1009,1019,1330,1349,361
1285,1123,712,1165,1236,1368,1172,1162,1008,1414,958,1217,817,1015,1324,1527,991
1048,1132,599,1140,1175,1611,1218,1300,1076,1397,1092,1136,826,1035,1345,1373,485
900,1328,771,1290,989,1542,1394,1047,1080,1372,1084,1037,1164,947,1227,1369,143
1056,1364,796,1226,927,1557,1084,1177,1100,1298,1061,989,1241,1014,1205,1372,390
1108,1265,604,914,1125,1344,1427,1443,1041,1378,1118,1022,901,1061,1372,1387,297
972,1269,511,1214,1104,1563,1335,1289,913,1518,1180,1220,927,1056,1295,1169,540
984,1292,439,1272,991,1669,1225,1358,1052,1373,1296,1085,1015,1044,1248,1167,485
1114,1280,747,1079,912,1540,1279,1295,990,1319,1226,1096,1038,1113,1311,1187,472
1337,1515,647,1233,940,1231,1133,1139,969,1441,1155,1146,961,1055,1231,1322,991
921,1300,440,1263,1026,1628,1356,1308,1021,1391,1205,1050,1048,1043,1236,1286,361
1093,1199,941,1188,1078,1228,1319,1086,1041,1466,909,982,1129,936,1221,1541,540
1341,1091,909,1243,1033,1271,1249,999,1025,1395,968,990,1196,966,1253,1487,991
1109,1152,856,1223,1085,1508,1224,1020,1055,1364,1065,995,1218,931,1195,1457,472
1051,1539,439,1219,1172,1636,1292,874,1109,1435,1198,1157,971,1039,1274,1097,143
1183,1162,920,1068,958,1081,1451,1403,1043,1443,862,982,1008,957,1225,1708,297
1416,1409,872,1107,1036,1159,1230,1008,1055,1502,1104,1077,973,1042,1246,1281,390
1098,1190,863,1119,1078,1481,1144,1307,1070,1446,1123,1009,1127,909,1272,1298,485
812,1184,811,1134,1330,1429,1414,1166,1055,1390,1078,921,1245,897,1204,1468,361
1254,1480,869,1012,1062,1153,1280,1070,1140,1346,1081,1018,1067,904,1236,1479,991
1180,1072,774,1057,927,1500,1403,1229,1168,1301,919,1003,1019,1036,1405,1417,143
1017,1170,689,1232,955,1412,1415,1372,1054,1396,1015,976,1107,979,1226,1527,297
1130,1544,774,1109,1081,1458,1275,777,1102,1446,1169,1021,1153,895,1193,1301,540
1142,1019,826,1034,961,1467,1402,1273,1068,1336,976,1013,1114,1020,1312,1441,472
869,1431,587,1283,1107,1093,1582,1275,1024,1363,1015,945,1078,1006,1365,1439,361
917,1324,486,1313,1039,1237,1529,1161,1035,1413,902,1074,1021,1010,1319,1506,143
922,1142,640,1209,1195,1264,1487,1338,1080,1466,987,1019,1043,961,1380,1344,485
1095,1210,837,1182,1109,1241,1348,1180,1019,1388,1049,948,1163,971,1239,1503,390
1032,1544,446,1245,1067,1239,1546,1130,1061,1414,854,1084,1064,1006,1263,1473,297
778,1383,522,1351,1172,1494,1377,1022,1086,1461,937,1063,1091,1007,1350,1285,472
1156,1423,706,1202,1100,902,1549,1172,995,1459,976,947,1057,960,1342,1538,991
876,1350,428,1349,1187,1366,1533,924,1046,1460,871,1072,1144,1020,1329,1325,540
1183,1264,635,1309,1072,1522,1258,999,1147,1397,1087,932,1034,1066,1373,1244,143
1110,1434,597,1239,1124,1147,1469,1130,1011,1483,1086,1046,960,978,1273,1443,540
1084,1145,687,1254,1103,1301,1330,1148,1081,1358,1095,923,1125,1007,1368,1323,361
1367,1437,689,1216,988,1353,1134,1096,1097,1492,1157,1024,950,1068,1339,1153,485
1197,1491,629,1170,1137,1003,1381,1154,987,1502,1026,1079,898,1010,1258,1520,991
1477,1505,834,1161,1003,1173,1080,999,1047,1448,1155,1028,1012,1028,1308,1254,390
1199,1521,563,1230,1031,1051,1287,1086,1051,1541,954,1101,869,1015,1330,1339,297
1047,1373,706,1271,1159,1291,1268,980,1027,1525,1137,1039,991,1026,1230,1305,472
1003,1295,763,1303,1152,1602,1175,864,1033,1466,1195,1064,1051,1004,1225,1242,540
1001,1303,787,1286,1135,1599,1198,799,1063,1452,1167,1054,999,1030,1204,1311,143
1381,1216,911,1095,957,1464,1008,1185,1030,1299,1174,1162,969,947,1311,1357,485
1292,1048,1000,1164,1070,1378,1093,1193,1006,1365,1004,1112,976,964,1321,1521,361
1441,1356,960,1112,1057,1188,1056,924,1024,1445,1072,1088,959,969,1295,1401,991
1131,1343,662,1079,1044,1448,1287,1095,1065,1339,1232,1019,1072,1018,1184,1351,472
1081,1179,607,1148,1158,1522,1354,996,1012,1399,1135,1069,1059,983,1267,1337,540
1065,1218,674,1280,1071,1457,1292,1058,1067,1394,1042,979,1064,1009,1204,1474,297
1106,1508,539,1103,1058,1352,1422,867,1084,1429,990,1090,850,1061,1381,1395,143
1310,1303,865,1257,989,1426,1030,1038,1106,1291,1161,1061,1060,981,1316,1304,390
1182,1547,818,1280,1068,1112,1211,976,1137,1467,1011,1031,1056,901,1275,1402,991
1128,1441,817,1291,948,1298,1263,1053,1092,1297,1125,889,1159,1074,1195,1395,472
905,1479,592,1103,1069,1440,1337,1142,1084,1486,1153,1056,910,999,1369,1223,485
1210,1330,748,1215,1051,1245,1338,1022,1126,1379,1014,918,1040,1054,1297,1452,297
874,1564,621,1290,991,1298,1393,1153,1160,1464,1140,942,1090,867,1325,1292,361
1211,1321,559,1142,1042,1192,1557,1183,1081,1607,1156,972,931,942,1283,1268,485
1054,1323,750,1360,1120,1386,1266,1021,1054,1419,1073,897,1150,1031,1236,1420,540
1428,1587,676,1079,1100,962,1358,1030,1135,1515,1044,928,1012,917,1345,1384,991
1184,1227,517,1152,1121,1136,1492,1256,1078,1513,1181,972,932,927,1326,1284,297
1321,1494,686,1253,918,1400,1150,950,1141,1314,1080,1017,976,1085,1352,1315,143
1179,1441,596,1178,925,1254,1479,1076,1112,1564,1227,1012,952,942,1263,1205,472
1401,1401,824,1213,960,1185,1208,993,1124,1437,1146,953,1060,971,1332,1257,390
1390,1341,812,1135,1028,1111,1234,1202,1127,1482,1034,1010,902,948,1253,1420,297
1270,1431,735,1231,1208,1231,1224,914,1074,1556,1098,1020,998,934,1245,1355,540
1217,1065,667,1117,1204,1238,1478,1286,1086,1558,1216,993,873,987,1226,1341,361
1529,1564,823,1183,1032,855,1169,960,1096,1422,978,1050,948,932,1268,1528,991
1399,1499,807,1090,1007,982,1221,1244,1100,1462,1229,978,891,942,1271,1398,485
1191,1207,680,1144,1206,1611,1257,970,1111,1497,1093,1070,1061,988,1250,1203,472
1324,1319,739,1159,1104,1336,1234,1062,1166,1508,1046,1096,900,971,1278,1315,143
1376,1111,723,1076,1190,1351,1280,1107,1083,1526,1027,1051,1023,975,1251,1344,390
1209,1201,774,1191,1282,1171,1110,1341,988,1336,956,995,1333,896,1223,1534,540
1221,1246,765,1112,1270,1130,1101,1366,1101,1338,1057,962,1302,865,1222,1433,361
1305,1236,742,1017,1144,1022,1281,1409,1036,1346,910,1036,1199,935,1161,1578,297
1376,1461,846,1109,1293,906,1027,1262,1004,1438,1078,992,1243,883,1213,1429,991
1177,1381,770,1011,1122,1329,1383,1107,1075,1473,1049,1022,1054,920,1226,1461,390
1004,1378,612,1156,1212,1513,1178,1187,1177,1375,1208,979,1174,865,1140,1362,485
1071,1301,843,1040,1124,1376,1358,1151,1060,1482,968,1041,945,1021,1328,1435,361
841,1319,581,1274,1111,1611,1429,1075,1153,1441,1043,1040,1111,897,1240,1355,143
908,1357,662,1191,1220,1497,1381,952,1054,1513,1007,1065,1053,996,1249,1315,540
1582,1281,986,1083,1054,1016,1192,1059,1069,1400,982,959,1125,995,1248,1500,991
857,1276,709,1277,989,1578,1348,1057,1148,1368,1092,1005,1241,915,1176,1324,472
1203,1208,1000,1135,1045,1161,1349,1179,979,1391,1011,996,1093,1076,1203,1531,297
1163,1425,671,1264,1019,1416,1491,801,1085,1514,948,1076,1033,993,1307,1324,143
1220,1508,752,1124,1024,1209,1464,887,1095,1576,985,1047,1002,1016,1308,1251,390
1204,1543,584,1230,942,1343,1319,948,1081,1459,1091,1012,1050,908,1325,1325,540
1115,1329,829,1077,1062,1239,1384,1227,1063,1475,1151,1101,1024,1013,1320,1133,485
1317,1537,754,1100,903,1369,1194,858,1125,1544,1207,983,1006,846,1289,1280,472
1040,1410,759,1252,1084,1293,1493,946,1053,1476,1004,998,1103,1028,1269,1349,361
1489,1675,766,1053,918,1188,1236,906,1068,1538,1105,1044,968,845,1250,1462,991
1328,1473,803,1322,1056,1285,1117,896,1036,1272,1055,1033,1225,1019,1206,1434,472
907,1382,840,1335,1132,1365,1281,981,1090,1341,1219,959,1257,970,1190,1254,540
1297,1278,1016,1142,1002,1261,1303,963,1133,1375,1269,923,1145,971,1215,1249,390
1123,1122,846,1129,1087,1518,1286,1063,1103,1412,1135,994,1052,1011,1279,1227,143
1429,1458,958,1085,839,1301,1260,902,1108,1373,1147,991,1105,962,1256,1338,472
1403,1331,801,1339,1022,1285,1135,934,1030,1250,1091,1067,1193,980,1230,1439,361
1504,1443,864,1378,1007,1153,1000,907,1043,1275,1052,1099,1128,1025,1269,1389,991
1342,1303,764,1139,1036,1337,1149,1146,1064,1339,1253,1029,1083,1015,1242,1227,485
1250,1676,566,1086,917,1308,1414,1029,1107,1527,1083,1004,939,815,1321,1484,297
1420,1390,1006,1037,845,1394,1334,835,1127,1386,1045,1054,1000,994,1387,1287,390
1093,1369,808,1057,828,1562,1341,980,1144,1327,1103,1054,986,960,1422,1284,143
1138,1186,544,1142,1020,1551,1323,1292,1037,1378,965,1052,1012,971,1327,1521,297
1189,1525,671,997,999,1577,1241,1037,1055,1456,1101,1074,944,990,1330,1330,472
1239,1371,597,970,1017,1237,1372,1263,1042,1402,1006,1096,898,980,1363,1464,361
1408,1363,846,1288,957,1438,1175,803,1100,1428,1057,979,1066,1025,1326,1299,540
1080,1343,652,1383,1100,1274,1253,1171,1085,1324,959,1102,1110,1009,1325,1366,297
1345,1351,755,1092,1034,1293,1283,1052,1032,1460,967,1085,918,970,1307,1541,991
1273,1121,595,1153,1039,1516,1284,1226,1063,1351,1002,1022,1058,967,1356,1461,390
1013,1296,624,1517,976,1378,1353,1086,1102,1415,992,1115,1050,933,1362,1311,540
1010,1283,577,1339,1152,1512,1232,973,1055,1410,918,1049,1031,1065,1329,1423,143
1198,1148,674,1050,1020,1436,1360,1331,1031,1352,1118,1131,948,971,1361,1368,485
961,1542,617,1489,1054,1392,1204,998,1091,1336,1031,1084,1117,1026,1320,1275,472
1158,1257,665,1204,1045,1171,1420,1207,1069,1449,1051,1077,985,908,1291,1440,297
1027,1242,679,1328,1111,1369,1343,1155,1031,1457,1033,1144,1048,942,1300,1325,540
872,1315,803,1347,1135,1294,1365,1143,1086,1319,920,1095,1054,938,1405,1439,361
1196,1366,770,1191,1057,1238,1296,1105,1099,1364,1038,1071,1036,877,1299,1481,143
1430,1429,690,1228,974,1099,1290,1088,1037,1409,1071,1079,1046,880,1232,1526,991
992,1520,674,1283,1066,1536,1172,859,1073,1318,1237,1119,1107,1000,1246,1180,472
1450,1266,770,1170,936,1150,1346,1192,1078,1384,1163,1077,1074,863,1257,1384,390
1003,1594,750,1324,1008,1370,1110,1009,1088,1453,1222,1103,1030,999,1296,1089,485
1152,1403,646,1203,1141,1533,1222,962,1076,1160,1132,1118,1188,989,1313,1304,361
1460,1289,963,987,979,1092,1246,1203,1060,1365,1209,1069,1080,964,1240,1293,991
1188,1423,700,1190,1090,1563,1258,831,1104,1159,1229,1065,1236,969,1309,1209,540
1538,1261,927,1009,965,1179,1200,1154,1071,1446,1135,1072,1058,1000,1240,1258,390
1509,1327,766,1191,963,1099,1235,1159,1045,1277,1203,1089,1079,1069,1153,1365,143
1071,1509,592,1143,1025,1286,1361,1066,1091,1273,1206,1029,1069,915,1297,1400,297
1265,1317,689,1358,1256,1388,1220,737,1035,1419,929,1141,1157,1105,1201,1293,540
1295,1372,869,1006,1005,1267,1333,1133,1107,1302,1293,1059,1167,1001,1184,1167,472
1407,1354,821,1295,1060,1225,1126,828,1042,1437,854,1158,1061,1078,1220,1430,991
1256,1401,691,1210,1021,1090,1494,1117,1065,1347,892,1011,1087,953,1278,1634,390
1341,1298,900,1148,1107,1223,1116,1130,1051,1409,1108,1105,1046,956,1323,1256,485
1200,1301,653,1270,1078,1230,1398,1089,1098,1457,902,1026,982,971,1312,1532,143
1362,1357,598,1119,1025,1026,1380,1053,1113,1550,1026,1108,907,922,1333,1321,297
1453,1626,637,1319,903,1274,1200,847,1102,1542,1085,1101,1014,868,1373,1195,540
1262,1296,862,1252,1228,1113,1189,1040,1005,1422,814,1104,1061,1072,1294,1498,361
1148,1376,504,1363,1026,1240,1372,1112,1159,1356,1274,938,1039,916,1314,1284,390
1170,1261,495,1350,1019,1332,1369,1234,1146,1387,1288,994,981,932,1369,1183,485
1636,1446,709,1246,953,1120,1139,865,1066,1481,1087,1201,978,940,1370,1148,991
1427,1402,674,1197,952,1362,1147,926,1086,1542,1054,1108,1004,941,1357,1188,472
1095,1280,573,1155,1167,1343,1361,1199,1069,1332,1023,1047,978,965,1289,1554,297
1279,1152,542,1274,1133,1413,1207,1107,1085,1299,994,1060,943,998,1334,1541,143
1225,1208,590,1254,1176,1472,1273,1077,1067,1350,1072,1016,1088,938,1263,1480,540
1476,1145,725,1040,1167,1163,1304,1260,1013,1344,927,1083,1018,968,1301,1555,361
1364,1278,833,1103,1016,1266,1191,1135,1066,1357,1041,1047,1026,1046,1302,1395,390
1369,1094,880,1090,1078,1142,1258,1369,1073,1405,1114,1006,1030,987,1313,1352,485
973,968,546,1302,1301,1379,1575,1136,1015,1461,1022,1037,1087,1017,1191,1394,143
1280,1349,896,1273,1019,1069,1114,1119,1020,1478,1062,946,1102,974,1194,1503,991
1015,1045,702,1234,1113,1569,1372,1082,987,1471,1076,1074,1085,1022,1291,1274,540
1031,1115,583,1305,1277,1247,1405,1292,1001,1458,1046,966,1083,946,1141,1570,297
1095,1281,601,1363,1146,1310,1302,1181,1005,1421,1154,1021,1121,928,1110,1420,472
1217,1170,686,1175,1186,1358,1335,1153,1042,1392,986,1061,1003,1011,1283,1502,143
1143,1146,727,1194,1052,1390,1301,1274,1035,1460,1042,1053,974,1043,1246,1423,485
845,1083,697,1285,1263,1466,1265,1260,1115,1359,1034,1047,1040,1047,1218,1420,540
1049,1131,814,1162,1070,1328,1454,1272,991,1449,1018,1025,1020,1041,1259,1477,361
841,1309,771,1207,1134,1407,1312,1177,1124,1424,1099,1019,1092,901,1244,1377,472
868,1076,672,1155,1258,1435,1323,1330,1149,1371,982,1121,947,1026,1278,1371,297
1327,1265,884,1284,1128,1208,1107,1077,1058,1412,972,1105,955,1085,1139,1516,991
1025,1390,808,1363,1028,1499,1184,979,1104,1266,1188,903,1275,926,1257,1361,540
983,1339,747,1191,1146,1550,1234,1027,1114,1344,1089,1011,1157,882,1286,1397,143
1108,1219,896,1264,1226,1458,1153,938,1078,1424,935,1084,1093,1001,1283,1382,540
1252,1248,996,1232,1035,1273,1143,1101,1100,1335,928,1038,1054,1002,1305,1518,991
1074,1220,800,1157,1094,1432,1258,1225,1080,1309,1207,983,1083,952,1350,1316,485
1024,1359,737,1378,1060,1444,1203,1010,1113,1282,1057,1001,1086,1014,1317,1385,472
1413,1261,836,1177,1010,1121,1278,1110,1009,1425,1019,977,1047,1039,1219,1475,390
1085,1141,929,1158,1092,1295,1310,1247,1097,1363,906,1021,1004,991,1345,1553,297
1098,1206,819,1215,1217,1238,1338,1149,1093,1396,1096,923,1047,979,1299,1432,361
1065,1182,865,1253,1271,1315,1244,1076,1046,1445,960,1090,1081,1043,1302,1306,540
1013,1043,1052,1096,1223,1207,1319,1273,1051,1456,1038,1021,1018,985,1325,1313,485
1029,1125,762,1127,1173,1543,1391,1096,1118,1568,1014,1102,1021,951,1197,1299,390
1147,1366,746,1234,1263,1296,1280,923,1092,1462,944,1174,930,1017,1393,1268,143
753,1316,711,1168,1196,1503,1347,1097,1083,1528,1161,1073,1186,990,1144,1115,472
1017,1329,836,1225,1028,1520,1343,944,1118,1504,1011,1074,1110,952,1239,1272,540
978,1385,737,1195,1228,1222,1271,1143,1089,1413,1100,1050,1076,982,1302,1268,361
1298,1153,1029,1171,1231,1041,1258,1067,1020,1510,922,1090,981,994,1268,1439,991
883,1264,623,1186,1173,1355,1467,1289,1134,1418,1009,1060,1028,964,1277,1390,297
998,1348,519,1451,1053,1488,1413,903,1135,1423,1051,1051,1116,1037,1299,1168,540
1033,1569,519,1418,1064,1431,1376,809,1131,1395,1103,1036,1134,1064,1256,1161,472
987,1312,535,1436,956,1510,1505,817,1169,1351,1049,1103,1083,1156,1325,1044,143
1070,1224,673,1322,1052,1534,1428,864,1145,1398,1034,1045,1172,1089,1282,1115,390
1057,1613,638,1133,1011,1238,1414,1014,1150,1461,1076,960,913,1020,1316,1384,297
1098,1505,605,1210,1122,1107,1380,1132,1076,1420,975,1025,911,1026,1268,1579,361
1211,1555,732,1206,1184,1125,1249,961,1095,1462,972,991,877,1046,1264,1565,991
1070,1489,737,1189,1101,1269,1354,1013,1121,1476,1102,1000,987,997,1282,1315,472
1268,1386,722,1106,1178,1302,1340,961,1102,1439,1021,1038,939,1043,1249,1449,390
1060,1203,601,1195,946,1679,1308,1233,1092,1392,1091,1083,1097,1065,1241,1219,485
1080,1281,629,1151,1178,1348,1467,1094,1101,1444,930,1036,910,1029,1280,1550,297
982,1489,673,1350,1042,1485,1368,883,1133,1335,1040,982,1113,996,1395,1286,540
1221,1303,690,1138,1194,1097,1314,1311,1129,1415,1158,986,1023,898,1329,1330,361
1503,1436,810,1098,1114,936,1241,1068,1092,1416,1086,1044,985,947,1287,1423,991
1114,1430,562,1300,912,1389,1340,1188,1047,1492,1027,1084,943,1061,1335,1291,472
1340,1359,631,1139,1000,1178,1402,1196,1061,1511,1071,1046,893,989,1381,1328,390
1146,1382,553,1263,958,1328,1290,1294,1025,1514,1087,1027,972,990,1241,1424,297
1057,1370,584,1243,973,1457,1312,1271,1034,1590,1110,1062,882,1005,1295,1299,485
1133,1323,669,1226,1097,1241,1451,1016,1087,1456,1034,993,899,1044,1313,1429,143
1264,1332,666,1202,1163,1337,1159,1087,1031,1381,1097,1044,1168,1022,1232,1305,540
932,1305,573,1261,1255,1538,1238,1150,1106,1335,1082,1057,1067,1075,1360,1198,472
1139,1367,785,1023,1181,1231,1304,1188,1044,1420,1007,1009,1024,1058,1338,1380,361
1120,1340,721,1198,1201,1345,1119,1143,1104,1360,1141,1024,1105,1009,1334,1203,390
956,1146,547,1185,1159,1521,1405,1303,1098,1309,1065,1013,1029,1033,1334,1399,297
896,1314,636,1207,1186,1568,1150,1152,1174,1252,1159,1075,1058,1028,1371,1163,485
1103,1275,550,1271,1057,1492,1202,1134,1106,1262,928,1091,1020,1077,1381,1415,143
1232,1387,820,1047,913,1157,1177,1461,986,1363,1265,975,1075,1072,1148,1377,390
987,1331,649,1201,1129,1385,1291,1027,1144,1276,993,1026,1110,1058,1313,1360,540
1511,1503,857,1124,1094,1020,1171,916,1032,1505,1018,1052,1031,1032,1260,1350,991
1034,1118,856,1179,1062,1452,1269,1266,1013,1363,1034,953,1096,1091,1262,1468,361
1328,1228,742,1106,815,1352,1214,1485,1019,1397,1176,1000,1034,1068,1213,1373,485
1214,1288,814,1008,942,1066,1337,1545,1050,1340,1166,1000,1002,1068,1239,1415,297
1234,1241,863,1216,995,1340,1231,1160,1096,1297,1064,964,1135,1054,1287,1383,472
1266,1229,682,1264,953,1696,1276,815,1153,1296,964,1035,1071,1023,1435,1303,143
1162,1474,736,1302,1042,1335,1241,925,1134,1376,1066,1030,1136,937,1372,1229,540
1187,1400,699,1153,1183,1286,1282,919,1153,1474,1000,1022,924,931,1329,1414,991
1359,1509,808,1231,1011,1151,1181,954,1144,1371,1119,985,1133,918,1362,1248,390
904,1266,591,1177,1234,1342,1398,1175,1139,1418,1010,1087,913,987,1409,1317,361
968,1357,549,1149,1143,1349,1356,1269,1158,1439,1118,1092,820,962,1459,1232,485
1134,1328,852,1259,1112,1146,1179,1063,1081,1577,1027,1108,1024,944,1224,1249,540
1118,1169,469,1130,1278,1493,1384,1163,1128,1472,931,1050,833,1010,1409,1433,297
1094,1248,517,1234,1247,1539,1250,954,1151,1478,965,1040,939,1013,1344,1350,472
1067,1499,915,1218,1050,999,1288,1127,1018,1545,1075,1092,1012,1008,1232,1277,991
1208,1360,794,1268,1040,1220,1294,1077,1036,1551,1066,1048,979,1043,1286,1271,390
1137,1284,811,1271,1059,1225,1284,1009,1075,1514,993,1052,1021,992,1225,1408,143
835,1317,546,1242,1222,1434,1177,1292,1072,1443,1106,1080,1122,1031,1318,1108,485
732,1290,536,1181,1368,1467,1270,1291,1036,1529,1035,1010,1088,996,1286,1294,361
1035,1320,686,1391,997,1526,1274,997,1160,1384,1060,1021,1133,1057,1356,1109,540
1393,1388,860,1114,1046,1298,1121,964,1121,1490,1036,959,944,943,1326,1461,991
1146,1300,859,1252,1144,1586,1130,785,1108,1607,969,1028,897,931,1300,1440,143
1180,1282,692,1314,986,1351,1251,1213,1089,1405,1123,1084,1044,1031,1268,1236,297
1132,1256,720,1322,988,1568,1141,1111,1090,1412,1230,1073,1152,959,1239,1125,472
1306,1385,953,1166,1047,1243,1200,907,1049,1510,1009,1029,959,864,1221,1577,361
1437,1287,834,1122,1087,1211,1286,995,934,1439,876,1092,1065,988,1102,1652,991
1152,1454,855,1143,1028,1407,1076,966,1150,1553,1116,942,948,875,1314,1382,390
1126,1365,873,1146,988,1257,1162,1169,997,1426,1115,1018,1145,933,1136,1473,297
1241,1304,831,1160,959,1509,1097,979,1025,1371,1018,1105,1049,961,1179,1511,143
1168,1241,1008,1104,1035,1493,1085,1042,1096,1546,1188,1012,921,913,1276,1328,485
1167,1174,781,1279,1137,1304,1179,1022,979,1444,874,1125,1076,998,1189,1495,540
1053,1545,905,1237,939,1511,1148,924,1094,1527,1200,967,1061,912,1158,1361,472
1344,1419,631,1124,1021,1160,1404,1113,1122,1345,1023,1007,868,1008,1365,1533,361
1247,1203,908,1139,916,1318,1316,1157,1093,1391,1016,1035,895,1098,1328,1417,297
1487,1268,784,1224,994,1207,1182,1105,1052,1378,1009,999,967,1018,1308,1547,991
1339,1255,800,1085,895,1365,1214,1246,1052,1376,1106,1011,989,1052,1298,1396,390
1126,1263,857,1108,1109,1312,1274,1176,1092,1477,1127,1045,912,995,1341,1291,485
1036,1447,821,1125,1175,1420,1285,941,1098,1461,1164,1049,1010,983,1316,1199,540
1057,1371,656,1125,1043,1486,1344,1198,1081,1362,1255,1025,1079,966,1267,1245,472
1054,1223,652,1002,1092,1239,1542,1360,1088,1458,1060,965,1038,942,1300,1385,361
1396,1232,905,1090,862,1300,1381,1080,1076,1492,952,1142,931,1003,1367,1317,991
1312,1229,970,1169,862,1268,1300,1051,1111,1530,1055,1138,936,996,1355,1159,390
1233,1223,727,1201,1130,1167,1254,1321,1098,1434,1100,1047,1022,900,1184,1495,361
975,1233,861,1282,995,1378,1247,1228,1096,1426,1060,1162,1086,986,1318,1146,485
1072,1207,643,1120,939,1353,1598,1306,1107,1460,867,1086,939,1035,1383,1403,297
1224,1369,673,1229,1115,1256,1112,1302,1054,1427,1089,1007,1168,914,1148,1371,472
1028,1296,637,1418,1144,1373,1163,1136,1090,1444,1007,1065,1105,937,1308,1300,540
1573,1223,871,1022,1095,1016,1216,1257,1063,1462,1110,1071,939,863,1238,1534,991
1258,1485,614,1164,985,1215,1226,1191,1033,1452,1212,1101,980,887,1243,1364,485
1119,1404,792,1269,1125,1307,1251,1013,1092,1389,917,1166,901,1018,1391,1406,143
1202,1528,598,1146,1093,1088,1289,1209,1065,1363,1144,1064,987,897,1280,1480,361
1142,1544,801,1203,1058,1025,1180,1155,1031,1526,1104,1110,911,957,1234,1398,297
1265,1302,749,1101,1206,1173,1184,1274,1071,1364,1074,1023,1045,969,1188,1546,991
1286,1594,729,1145,904,1101,1348,1139,1109,1505,1235,983,926,866,1260,1396,390
1342,1188,744,1137,1018,1313,1266,1236,1089,1349,1032,940,1036,1009,1274,1500,361
951,1436,881,1128,1007,1205,1421,1251,1076,1471,1087,999,996,1038,1284,1329,472
1389,1129,691,1079,994,1198,1391,1360,1095,1321,1038,938,994,979,1274,1587,297
955,1331,779,1236,1054,1314,1351,1222,1097,1503,1024,986,1022,999,1312,1328,540
1238,1330,632,1153,782,1447,1494,1138,1102,1244,1058,972,1098,1085,1244,1452,390
1294,1268,707,995,1159,1203,1270,1358,1104,1345,1079,1045,925,1054,1248,1480,485
1305,1512,690,1086,1084,1245,1252,1091,1098,1295,1014,1047,968,1076,1283,1499,143
734,1613,742,1116,956,1503,1379,1167,1014,1342,1238,918,1315,961,1209,1283,540
1189,1216,595,1099,884,1432,1603,1198,1101,1274,1027,1011,1035,1099,1325,1408,361
1513,1354,900,1150,747,1044,1326,932,1058,1273,1065,953,1121,1084,1198,1490,991
831,1520,697,952,970,1376,1517,1314,992,1335,1161,947,1214,974,1227,1430,297
1171,1190,809,1278,1091,1353,1351,1037,1033,1449,1147,1035,977,1013,1265,1361,143
812,1531,750,1087,830,1470,1430,1124,1056,1344,1178,906,1265,947,1284,1300,472
1054,1407,925,1098,931,1368,1367,1116,1002,1329,1123,960,1248,1023,1260,1335,390
1244,1212,903,1337,1107,1351,1227,870,1052,1487,1087,1001,1036,992,1312,1313,540
1059,1276,853,1254,1045,1068,1436,1289,979,1478,988,954,1138,890,1163,1686,297
774,1337,795,1037,1012,1445,1423,1342,1021,1322,1232,985,1206,968,1244,1302,485
1011,1250,786,1266,959,1350,1322,1322,988,1425,1067,965,1217,876,1121,1540,390
1035,1384,859,1249,1176,1111,1346,1083,1033,1443,1086,946,1123,924,1267,1458,361
1096,1397,932,1247,1163,911,1392,1123,978,1551,1001,984,1113,919,1152,1535,991
945,1362,732,1333,992,1346,1328,1207,996,1436,1136,948,1241,890,1128,1447,472
1207,1617,946,983,866,1364,1153,1142,1074,1277,1442,948,1098,905,1266,1270,485
1170,1479,923,1054,919,1091,1311,1170,1048,1318,1226,917,1080,931,1262,1496,297
1002,1243,726,1288,1065,1441,1470,1045,954,1465,1118,1008,1125,969,1165,1442,143
1311,1557,764,992,943,1263,1246,1004,1073,1388,1134,1053,1019,986,1263,1364,991
1107,1577,689,1125,924,1252,1238,1157,1093,1448,1297,1033,1017,950,1243,1199,472
1567,1469,825,988,955,1051,1296,1081,1053,1400,1316,981,1042,950,1210,1328,390
1222,1567,735,920,1044,1225,1462,1020,1059,1398,1147,1036,984,1022,1297,1337,361
1262,1220,680,1113,1125,1527,1337,1001,1027,1381,1129,992,1061,1051,1230,1405,143
1156,1283,790,1070,1234,1532,1316,831,1015,1457,1225,1043,1063,1039,1255,1183,472
1107,1092,747,1079,987,1373,1378,1466,1067,1407,1036,1014,940,1040,1317,1455,485
1007,1503,647,1296,1001,1524,1082,1067,1012,1440,1065,1006,1202,930,1244,1381,540
1220,1294,679,1102,1111,1293,1332,1108,1047,1351,1047,1004,1037,981,1272,1541,297
1431,1307,913,999,1106,1268,1255,917,1007,1465,1237,1046,1041,1031,1255,1198,390
983,1395,805,1135,1260,1319,1132,1179,1088,1446,1083,1037,976,966,1347,1337,361
1490,1432,860,1077,1055,1203,1232,772,1021,1419,1218,1005,1066,1012,1224,1315,991
1021,1293,665,1188,1172,1450,1235,1143,1107,1465,1074,1042,914,1014,1358,1295,143
1013,1236,935,1240,930,1214,1416,1259,1093,1390,888,960,1006,1049,1321,1573,297
987,1503,788,1215,1016,1359,1094,1318,1102,1450,1158,1028,1024,998,1350,1170,485
1415,1277,603,1035,997,1119,1533,1242,1084,1445,899,1086,914,939,1341,1568,991
916,1530,741,1331,1044,1463,1109,1052,1109,1449,1148,985,1099,989,1308,1193,540
964,1615,809,1245,940,1425,1064,1160,1133,1377,1165,985,1135,1002,1284,1199,472
1511,1142,820,1171,947,1169,1351,1169,1107,1467,947,998,906,1035,1382,1438,390
1349,1285,664,1091,985,1067,1479,1269,1078,1377,832,1066,941,962,1325,1649,361
1280,1366,642,999,1004,1320,1512,1115,1143,1387,908,1051,1031,922,1291,1464,143
1318,1588,669,990,1083,1363,1162,951,1077,1435,1223,1086,1065,906,1209,1279,485
1313,1609,710,1077,1024,1383,1191,867,1033,1406,1184,1142,1057,1009,1258,1191,472
1275,1615,693,1230,1125,1404,1064,819,1018,1498,1236,1116,1070,970,1295,1077,540
1212,1301,739,1147,1189,1154,1354,1184,1035,1385,1099,1039,1109,989,1259,1365,361
1242,1494,650,1036,1003,1075,1321,1244,1094,1428,1143,983,1072,905,1213,1442,297
1484,1610,908,1072,930,1110,1155,857,1011,1416,1121,1052,1044,987,1265,1384,991
1193,1216,767,1088,1150,1262,1324,1268,1028,1385,1150,1063,1080,970,1262,1326,485
1181,939,748,1169,1022,1406,1396,1197,1078,1271,1076,1028,998,975,1307,1537,297
1295,1283,711,1083,1222,1298,1333,984,1069,1381,1117,1071,1123,970,1224,1325,390
1158,863,685,1205,1054,1682,1421,1181,1084,1319,982,1035,1012,985,1287,1535,540
994,1111,658,1301,972,1534,1328,1318,1056,1320,1105,1058,1133,964,1302,1342,472
1154,1191,655,1111,1048,1489,1361,1241,1115,1355,1126,979,996,975,1267,1424,485
1024,933,820,1112,1039,1297,1529,1436,1120,1303,1011,982,1000,918,1360,1515,361
1024,1120,693,1250,1066,1547,1205,1112,1170,1438,1134,989,1104,936,1245,1264,540
1470,1318,734,1131,1020,1077,1385,1020,1073,1359,1054,1011,984,985,1273,1461,991
1372,1262,676,1182,1077,1395,1227,1008,1062,1286,1097,1106,986,1006,1256,1481,143
1106,1430,848,1125,1044,1297,1186,1170,1058,1491,1059,1035,1055,963,1108,1497,297
957,1084,693,1272,1056,1727,1308,1082,1164,1439,1103,993,1147,983,1299,1152,472
1134,1146,733,1232,1080,1604,1222,1129,1129,1487,1158,960,1077,954,1226,1289,390
1101,1277,726,1187,1057,1405,1296,1165,1126,1524,1143,1082,980,1005,1334,1077,485
1515,1365,873,1093,881,1154,1206,1111,1093,1488,1130,1126,966,1062,1271,1144,991
1484,1380,792,1154,930,1334,1065,1050,1064,1394,1026,1138,1026,1070,1246,1316,472
1435,1375,783,1100,954,1294,1111,1074,1074,1423,1019,1099,1023,1077,1283,1282,390
1432,1498,818,1124,974,1176,1147,986,1030,1426,920,1144,899,1103,1270,1477,991
1124,1399,728,1225,1147,1403,1384,870,1118,1557,1142,1041,1039,986,1299,1098,540
1092,1351,652,1104,1217,1055,1353,1229,1084,1507,967,1020,985,1050,1285,1323,361
1204,1345,724,1114,920,1468,1357,1010,1169,1476,1076,1110,908,1073,1387,1081,143
1289,1344,877,1262,1023,1317,1097,965,1085,1448,1021,1093,1056,968,1317,1292,472
1543,1483,722,1102,907,1143,1103,1254,967,1441,1089,1182,888,1067,1268,1346,485
1399,1307,787,1152,872,1156,1245,1246,1042,1377,1097,1121,1060,1041,1232,1310,297
809,1181,877,1297,1021,1475,1435,914,1105,1374,940,1028,1202,1099,1310,1222,540
1278,1430,1037,1119,1032,1153,1187,1034,1072,1443,1025,1002,1091,932,1174,1541,991
1113,1239,906,1117,1053,1444,1321,1080,1120,1442,1027,956,1057,940,1257,1481,390
959,1387,790,1238,1078,1335,1488,1005,1106,1455,957,973,1185,996,1253,1355,361
1310,1412,778,1370,1138,1188,1108,976,982,1409,1094,1043,1131,984,1269,1336,540
1004,1518,793,1391,1121,1258,1255,765,1097,1497,1057,1046,1158,1029,1200,1196,472
1246,1521,666,1224,1219,1146,1114,1144,1069,1402,1102,1047,1001,958,1318,1379,297
1214,1485,667,1301,1277,1116,1101,1110,1031,1411,1121,1121,1029,978,1383,1206,485
1425,1340,792,1236,1132,1098,1168,1020,984,1370,1056,1077,1066,1023,1286,1418,991
1094,1295,825,1301,1146,1185,1272,1162,1053,1285,1098,1027,1179,1037,1281,1320,361
1247,1556,795,1231,1057,1190,1160,1023,1131,1329,1113,1057,1096,931,1335,1288,540
958,1233,660,1357,1114,1538,1392,927,1139,1455,993,1093,1070,1042,1329,1159,143
961,1156,723,1305,1051,1495,1110,1427,1144,1398,1092,1031,1056,964,1415,1180,485
980,1176,722,1263,1063,1532,1233,1296,1146,1398,940,1026,1063,930,1405,1349,297
1327,1361,930,1100,928,1247,1085,1157,1061,1306,1171,1053,1059,1036,1241,1353,472
1230,1208,978,1274,1067,1352,1014,1053,1084,1428,973,1026,1077,939,1406,1347,991
1367,1357,865,1265,1109,1085,1110,1083,979,1401,1175,1030,1165,959,1262,1309,390
1297,1134,708,1077,1266,1242,1201,1355,995,1493,996,980,1058,931,1313,1514,361
1201,1196,657,1202,1258,1502,1154,1110,1015,1585,959,1033,1090,918,1332,1348,540
1203,918,828,958,1153,1567,1390,1159,1117,1587,1000,1039,923,999,1224,1382,485
1214,1222,741,1046,1120,1400,1385,1097,1084,1496,987,1058,844,1056,1273,1421,297
1500,1257,770,1139,1079,1152,1137,1127,1075,1430,1045,995,978,939,1234,1553,143
