l5e1,l5e2,l5e3,l5e4,l5e5,l5e6,l5e7,l5e8,l7e1,l7e2,l7e3,l7e4,l7e5,l7e6,l7e7,l7e8,maj_class
947,1192,463,1224,1211,794,1657,1567,1047,1449,898,1021,858,942,1339,1677,297
813,1389,877,1249,1150,1687,1174,678,1127,1555,1236,964,1241,929,1162,1052,472
910,871,734,992,1161,1503,1371,1442,1135,1600,1278,1133,772,931,1380,1051,485
1744,1525,1303,1146,1133,567,920,581,1024,1517,709,1174,893,996,1272,1652,991
1158,1147,505,1317,1187,1626,1527,691,1124,1492,950,1113,751,1101,1355,1394,143
848,1287,565,1150,1328,1243,1547,1269,1048,1333,901,1010,1061,949,1324,1636,361
1744,1246,1157,966,1006,983,1095,942,1104,1511,1070,860,1113,913,1156,1549,390
696,1284,575,1677,1353,1744,978,624,1098,1513,1066,1020,1311,887,1294,1091,540
953,1648,1100,1163,981,1420,1065,933,1138,1303,1106,964,1362,1013,1171,1223,472
1148,1436,492,1218,939,879,1551,1470,1143,1414,949,977,786,1024,1266,1644,297
1720,1488,1050,1322,898,690,938,706,962,1457,913,1040,958,1010,1138,1675,991
1408,1399,777,1198,1125,1344,1131,827,1075,1315,922,1214,827,1125,1347,1455,143
1027,931,612,1002,844,1716,1252,1672,1096,1487,1499,1097,806,927,1328,1040,485
1049,1439,623,1020,1199,1071,1528,1184,1134,1318,924,998,1024,998,1346,1532,361
743,1183,623,1552,1276,1679,1022,765,1074,1478,1172,945,1527,881,1248,953,540
1662,1528,1095,833,971,869,1052,1058,1020,1439,1163,903,1281,929,1095,1430,390
776,1562,407,1083,911,1152,1744,1542,1124,1344,959,957,994,909,1293,1624,297
957,1092,725,1022,965,1715,939,1724,1140,1387,1454,1082,772,921,1422,1102,485
1117,1122,446,1290,1106,1531,1560,947,1150,1383,801,1223,776,1102,1478,1367,143
799,1556,788,1208,919,1657,1302,761,1124,1549,1132,1101,1243,970,1068,1093,472
652,1213,777,1022,1291,1154,1608,1490,895,1340,925,898,1184,867,1105,1744,361
1744,1633,1037,938,973,462,1125,824,1009,1492,960,1095,835,1000,1345,1514,991
701,1327,596,1580,1278,1704,1059,797,1114,1386,1031,948,1469,957,1300,1075,540
1616,1494,1029,922,993,806,1098,1000,1071,1391,1096,962,1131,989,1154,1486,390
677,1573,659,1040,1312,826,1660,1249,1126,1402,1087,862,1020,978,1289,1516,361
1133,920,523,972,896,1625,1059,1739,1113,1360,1406,1088,864,979,1416,1027,485
923,1310,552,1347,1079,1494,1456,811,1189,1323,719,1121,882,1115,1430,1435,143
807,1284,568,1113,935,859,1677,1669,1157,1360,876,912,927,974,1331,1703,297
941,1507,836,1285,980,1738,1004,852,1140,1393,1193,1038,1295,935,1277,1009,472
1744,1618,1076,1232,1096,581,798,585,1004,1540,1075,1115,915,934,1201,1496,991
630,1051,526,1564,1473,1698,1294,616,1055,1659,981,1042,1251,952,1273,1064,540
1255,1421,594,994,1120,968,1575,1278,1106,1416,987,1051,900,963,1348,1449,361
860,1255,448,1335,1041,1551,1578,827,1201,1449,918,1111,791,1037,1446,1327,143
1718,1370,974,845,913,1006,1079,1047,1137,1377,1239,969,1125,1041,1189,1203,390
824,1415,446,1143,1030,839,1675,1553,1151,1331,958,907,969,971,1238,1734,297
1744,1474,1218,1145,829,634,989,781,975,1499,1156,951,985,868,1096,1620,991
1058,804,773,1009,916,1707,1085,1712,1131,1311,1630,1073,893,910,1276,1045,485
1009,1505,916,1227,783,1644,1116,915,1149,1467,1353,1078,1231,997,1132,855,472
1514,1467,1081,985,896,1059,1209,812,1101,1355,1237,957,1134,910,1194,1392,390
591,1358,554,1571,1293,1692,1272,714,1083,1416,1156,1053,1344,891,1321,1016,540
1047,1313,821,1106,1112,1339,1204,1338,1052,1275,933,921,1069,1038,1297,1683,361
1314,1543,557,1250,966,1587,1142,705,1069,1402,962,1093,767,1192,1375,1420,143
1744,1603,1256,978,1079,506,822,608,981,1507,945,1109,929,956,1205,1505,991
1273,1017,778,916,986,1556,1340,1401,1140,1565,1480,1031,826,902,1364,971,485
798,1586,532,1108,970,723,1601,1492,1078,1422,971,977,861,956,1324,1619,297
976,1691,860,1133,945,1622,1020,723,1081,1377,1225,963,1263,1055,1165,1151,472
1594,1485,1468,1005,858,803,1076,848,1037,1341,1237,1021,1186,994,1169,1295,390
1058,1274,513,1040,1392,1150,1571,1236,1071,1430,829,988,937,981,1376,1548,361
1024,1082,433,1334,1085,1744,1466,775,1149,1407,1024,1126,750,1111,1431,1282,143
683,1083,717,1642,1458,1736,1049,541,1044,1472,1055,1105,1331,883,1245,1145,540
874,1361,876,1275,1031,1689,1080,976,1114,1377,1233,991,1333,1000,1123,1109,472
1744,1260,1427,1111,1046,511,833,638,1011,1391,800,1163,927,1015,1238,1676,991
849,1501,485,987,1025,707,1716,1669,1178,1403,961,977,798,1025,1242,1696,297
876,1064,669,796,953,1661,1184,1605,1112,1430,1456,1139,730,975,1379,1059,485
800,1623,620,1075,1222,927,1524,1175,1044,1380,1168,969,1069,921,1283,1381,361
1696,1601,975,984,981,874,1175,825,1039,1484,1323,957,1002,1003,1157,1315,390
1187,1399,476,1090,1111,1419,1474,741,1093,1465,910,1151,708,1127,1383,1443,143
1077,951,683,1082,981,1629,1104,1634,1129,1372,1459,1124,917,1023,1254,1002,485
754,1690,823,1161,850,1571,1290,791,1177,1323,1254,1022,1220,1123,1187,974,472
1092,1338,447,1251,964,1041,1528,1525,1050,1338,969,959,989,925,1214,1667,297
800,1561,580,1019,1243,852,1658,1399,1171,1500,1055,884,989,873,1246,1554,361
1666,1689,1150,1126,867,463,987,616,1007,1420,849,1136,943,1084,1181,1628,991
694,1162,610,1545,1357,1744,1163,705,1070,1556,955,1107,1199,998,1322,1073,540
1727,1145,1177,999,879,835,972,1177,1026,1336,1490,900,1231,937,1197,1163,390
1034,1053,665,1023,890,1482,1208,1744,1069,1430,1459,1100,831,959,1380,1034,485
1281,1295,429,1349,1122,1595,1329,818,1080,1395,907,1177,764,1059,1401,1481,143
931,931,348,1144,1132,1009,1726,1683,1107,1331,775,881,823,1013,1312,1729,297
865,1404,719,953,1154,1060,1656,1386,1096,1252,806,972,988,1013,1464,1615,361
799,1381,872,1320,1016,1718,1007,1065,1074,1401,1310,984,1286,971,1232,1022,472
551,1087,577,1608,1533,1734,1205,590,1057,1523,897,1116,1342,945,1369,1012,540
1077,947,826,963,1020,1571,1258,1548,1049,1543,1321,1055,863,1035,1386,1024,485
1102,1375,451,1385,1100,1594,1439,766,1085,1427,924,1241,742,1084,1397,1380,143
1744,1405,1058,1195,880,559,996,777,985,1498,789,1127,903,1026,1200,1689,991
1604,1308,1146,1061,872,681,1058,1276,1046,1430,1254,893,1186,915,1098,1458,390
924,1282,445,1035,965,871,1736,1648,1100,1337,1001,908,928,920,1302,1692,297
776,1497,762,986,1248,1057,1542,1382,1034,1380,994,1072,958,1032,1326,1453,361
692,1234,689,1601,1354,1648,1079,660,1053,1432,1123,990,1395,920,1305,1062,540
1024,933,570,904,1168,1631,1125,1628,1062,1394,1514,1063,861,950,1275,1161,485
803,1570,912,1059,1068,1510,1296,896,1124,1373,1376,973,1197,1051,1209,977,472
1682,1643,1186,1020,1207,435,1054,606,1002,1610,1045,1126,929,898,1092,1501,991
1161,1109,607,1225,1242,1527,1501,784,1164,1220,1064,1053,889,1161,1416,1313,143
1640,1447,802,972,961,1067,1098,1010,1064,1418,1170,1088,1028,1083,1173,1256,390
951,964,437,1002,1265,860,1744,1570,1114,1425,835,835,883,971,1369,1700,297
887,1189,544,1559,1219,1744,1204,544,1145,1439,1054,992,1349,904,1246,1151,540
918,1376,527,1087,1284,954,1626,1405,1065,1379,848,918,1084,904,1296,1693,361
1744,1658,1054,1180,1154,465,975,613,1036,1496,849,1120,847,977,1261,1633,991
1242,1216,440,1239,1057,1687,1290,768,1080,1314,949,1187,802,1155,1444,1349,143
1057,1141,563,977,941,1636,1254,1527,1146,1496,1486,1073,808,940,1348,974,485
848,1600,757,1186,1073,1675,1092,775,1111,1407,1357,1008,1298,957,1141,1001,472
1099,1100,397,987,1162,933,1715,1596,1133,1352,835,916,885,962,1390,1708,297
1744,1405,1141,982,955,885,1125,779,1145,1446,1115,905,1087,1002,1207,1373,390
961,1452,647,927,1306,907,1545,1440,1022,1387,1094,976,1040,868,1295,1598,361
1643,1644,1006,1120,1237,684,990,599,931,1505,873,1193,942,976,1238,1545,991
680,1088,462,1601,1415,1611,1240,787,1123,1447,1124,981,1361,882,1227,1098,540
827,949,464,1322,1120,1744,1611,861,1194,1298,802,1332,707,1226,1539,1182,143
824,1502,829,1253,1004,1631,1252,729,1141,1481,1275,1015,1141,1100,1253,874,472
933,919,767,1075,844,1637,1297,1699,1163,1350,1500,1068,836,982,1433,948,485
976,1063,419,1072,1192,976,1744,1569,1106,1286,884,965,865,939,1297,1742,297
1701,1465,803,950,927,920,1191,913,1127,1389,1149,967,1047,1014,1229,1358,390
1165,1216,628,1177,1390,1526,1333,825,1040,1443,868,1124,897,1131,1431,1346,143
690,1339,644,1297,1330,1242,1476,1209,999,1364,922,1006,1197,938,1234,1591,361
1744,1459,1432,1118,968,490,914,560,996,1361,847,1172,919,1090,1113,1707,991
526,1243,578,1734,1394,1700,1109,642,1035,1508,1014,1168,1386,952,1314,903,540
1060,914,526,887,1091,1585,1273,1691,1134,1550,1155,1192,626,1033,1497,1093,485
904,1347,393,1169,1105,1199,1552,1531,1097,1425,870,1071,824,1104,1310,1579,297
1044,1497,879,1247,1159,1615,1112,575,1077,1408,1265,1004,1160,1146,1194,1026,472
592,1336,505,1673,1270,1705,1219,726,1061,1492,1016,1021,1291,1008,1302,1089,540
1027,1317,546,1360,1099,1556,1500,798,1127,1358,980,1135,795,1106,1410,1369,143
1744,1507,1115,1170,1235,547,905,650,1003,1476,837,1247,955,952,1120,1663,991
1035,1415,655,933,1269,867,1647,1291,1125,1204,927,1004,1091,929,1315,1599,361
1027,1076,712,851,994,1376,1308,1668,1043,1306,1413,1173,840,927,1393,1185,485
983,1353,403,1120,1132,849,1608,1649,1000,1319,1032,1000,991,959,1139,1738,297
1615,1539,789,1096,1001,884,1270,938,1078,1408,1209,938,1126,942,1262,1317,390
745,1647,652,1340,1046,1744,997,807,1097,1244,1201,1087,1338,1094,1121,1098,472
605,1374,680,1660,1281,1721,937,787,1080,1411,1232,967,1455,934,1197,987,540
845,1343,642,1101,1201,972,1599,1363,1095,1241,946,894,1031,1052,1283,1624,361
767,1480,749,1314,881,1689,1292,857,1165,1478,1269,967,1328,1066,1127,879,472
1053,1258,499,1275,1256,1649,1327,826,1140,1416,927,1191,765,1130,1387,1324,143
971,1228,462,885,857,1679,1283,1589,1067,1555,1370,1155,789,1097,1343,904,485
1726,1148,1057,943,1077,1127,1039,911,1098,1501,1140,948,1114,974,1146,1359,390
1098,1374,450,1006,1019,809,1671,1593,1066,1349,938,986,915,1013,1250,1665,297
1705,1615,1011,1034,1117,469,971,691,972,1523,915,1152,845,1021,1274,1575,991
1008,1457,614,958,1174,1164,1545,1301,1080,1362,1077,990,917,980,1469,1405,361
1117,1024,628,1022,821,1545,1182,1674,1167,1460,1381,1065,784,946,1444,1033,485
695,1393,638,1657,1134,1733,1039,781,1078,1406,1223,828,1479,858,1271,1117,540
1370,1387,416,1241,893,1628,1380,914,1147,1503,913,1149,708,994,1351,1515,143
1056,1496,376,1223,950,662,1736,1362,1137,1444,1048,872,846,957,1281,1648,297
787,1396,1112,1232,808,1652,1058,984,1047,1338,1390,846,1501,970,1026,1113,472
1713,1338,1062,954,954,939,1211,1031,1072,1478,1148,970,1097,947,1211,1350,390
1744,1442,1102,1006,920,496,962,743,981,1290,780,1219,854,1004,1209,1685,991
941,1168,508,970,1134,1390,1324,1676,1033,1555,1243,1182,764,1005,1454,1044,485
533,1362,413,1594,1364,1744,1271,693,1066,1462,978,1014,1294,1002,1437,1006,540
814,1630,526,1002,1268,844,1644,1326,1006,1451,929,1088,983,983,1371,1469,361
1224,1348,479,1171,1077,1544,1433,878,1073,1486,935,1081,763,1137,1347,1390,143
849,1482,713,1237,934,1700,1211,979,1001,1386,1327,946,1315,1069,1166,1070,472
1050,1161,502,914,1156,912,1624,1617,1096,1373,942,990,794,1053,1343,1643,297
1089,1028,561,949,1133,1581,1171,1606,1134,1339,1493,1063,918,946,1299,1087,485
1637,1181,735,1126,998,1382,1184,914,1054,1373,1137,995,1177,1136,1265,1143,390
1744,1448,1055,1194,1091,387,901,829,1005,1512,818,1211,813,1029,1307,1517,991
757,1409,604,1660,1364,1728,1094,604,1011,1549,1085,1013,1375,980,1303,957,540
1308,1333,565,1206,960,1553,1275,970,1156,1321,1009,1071,854,996,1432,1440,143
783,1194,505,1079,1379,924,1613,1516,1051,1404,976,938,1032,935,1347,1591,361
966,939,567,1065,1123,1565,1279,1647,1080,1531,1400,1104,912,922,1386,943,485
714,1470,800,1200,1094,1654,1081,880,1177,1403,1193,1012,1312,942,1151,1090,472
1562,1406,1232,1048,931,923,908,1002,1037,1360,1228,889,1217,905,1168,1476,390
1262,1328,446,1203,1057,1694,1350,781,1175,1416,897,1120,708,1140,1406,1418,143
705,1228,644,1525,1389,1656,1308,661,1114,1525,958,967,1415,859,1365,1077,540
952,1521,677,942,1243,876,1596,1377,1089,1441,926,969,1013,935,1269,1606,361
1744,1518,1135,1123,1156,512,1081,523,998,1518,973,1016,994,920,1149,1639,991
1104,1349,404,1132,937,1047,1587,1474,1147,1413,1023,969,886,963,1331,1548,297
1054,1065,869,866,974,1672,1067,1599,1072,1420,1441,1145,802,916,1357,1127,485
885,1547,930,1164,748,1744,1115,810,1097,1338,1466,956,1268,996,1180,979,472
680,1365,649,1669,1241,1712,978,705,1102,1400,1171,1015,1445,880,1233,1034,540
1651,1715,991,1168,1130,559,978,609,952,1702,1053,1044,928,914,1082,1556,991
1696,1579,884,981,742,1004,1238,909,1148,1480,1251,1027,1015,964,1178,1217,390
1277,1459,615,1230,1065,1466,1349,632,1062,1407,1066,1016,936,1024,1268,1501,143
730,1364,473,944,1067,901,1703,1666,1065,1492,967,921,943,922,1199,1665,297
1085,1050,552,911,908,1649,1322,1588,1142,1466,1496,1116,826,915,1292,1005,485
982,1691,709,1042,1370,773,1411,1217,1001,1191,1132,985,1119,938,1218,1605,361
995,1585,837,1260,913,1730,1117,747,1060,1309,1372,972,1370,1026,1142,1029,472
1326,1413,515,1229,1146,1540,1393,607,1051,1533,1024,1122,858,1009,1192,1457,143
1744,1489,1140,1168,1139,574,822,552,971,1580,962,1100,879,938,1238,1603,991
721,1112,532,1632,1264,1744,1093,715,1081,1402,1077,977,1362,1032,1348,1001,540
1306,1016,624,884,1019,1434,1362,1608,1095,1420,1431,1135,769,965,1420,1045,485
1027,1577,498,994,1000,979,1570,1472,1089,1482,1064,894,830,933,1214,1686,297
713,1480,845,1350,890,1599,1256,927,1122,1469,1305,955,1276,974,1234,945,472
799,1352,711,1039,1374,1014,1619,1371,1123,1454,876,967,1000,946,1398,1516,361
964,1193,582,1420,1017,1655,1318,829,1140,1505,819,1148,810,1090,1405,1363,143
1744,1361,665,987,1087,822,1149,945,1029,1437,1195,1005,1095,1067,1231,1221,390
1712,1687,1166,1234,954,553,890,645,964,1611,894,1067,893,992,1136,1629,991
699,1316,584,1562,1271,1707,1325,682,1082,1461,1022,983,1426,988,1272,1046,540
1018,1042,691,917,882,1637,1311,1546,1034,1416,1427,1107,853,986,1324,1133,485
760,1689,815,1261,838,1701,1128,887,1166,1301,1316,986,1291,1085,1241,894,472
1041,1498,422,1131,934,1015,1604,1385,1079,1393,947,1016,828,978,1406,1589,297
832,1177,678,992,1270,1002,1661,1566,1135,1364,821,958,942,1022,1404,1578,361
983,1425,445,1306,1106,1688,1468,703,1188,1387,1052,1046,878,1107,1368,1226,143
1744,1369,1012,1005,983,845,1100,831,1068,1526,1164,1042,1071,986,1138,1284,390
1682,1713,1122,1190,1069,447,885,626,953,1584,878,1177,823,987,1179,1668,991
775,1155,453,1567,1351,1744,1189,678,1130,1626,1008,1087,1187,944,1397,881,540
1098,935,680,961,960,1596,1294,1521,1103,1416,1480,1085,789,976,1377,989,485
707,1165,417,1171,1112,843,1684,1657,1065,1316,969,864,1086,984,1157,1738,297
965,1537,800,1221,975,1572,1090,858,1144,1323,1190,1042,1249,1002,1283,1047,472
1685,1511,1176,1104,1149,451,1027,720,979,1603,925,1138,881,1007,1108,1624,991
1180,1337,564,1317,936,1538,1345,876,1114,1291,851,1166,874,1134,1372,1478,143
831,1616,424,1032,1341,787,1628,1228,1097,1417,1031,949,1002,941,1377,1466,361
776,1194,442,1596,1400,1744,1122,601,1068,1481,1106,1004,1358,891,1281,1091,540
1668,1327,1114,1015,975,978,1085,875,1002,1565,1101,1006,1163,958,1122,1363,390
793,1560,694,1314,1064,1634,964,852,1100,1372,1304,1039,1290,1053,1162,960,472
944,1248,556,1078,1088,1004,1564,1623,1117,1273,962,936,1070,876,1333,1672,297
1287,1046,597,839,867,1667,1096,1687,1057,1422,1443,1169,843,980,1294,1072,485
1107,1385,882,934,1256,1108,1387,1189,1011,1368,1063,967,1162,1012,1154,1498,361
812,1682,749,1302,1027,1668,1088,755,1057,1268,1261,1003,1289,1096,1227,1079,472
1155,1363,509,1311,1116,1536,1285,787,1102,1384,862,1227,784,1163,1410,1348,143
1708,1596,914,945,916,880,1152,945,1150,1374,1285,989,1157,922,1127,1276,390
752,1198,585,1690,1319,1744,1006,770,1098,1423,1029,1053,1352,1039,1369,917,540
1131,1270,540,1207,848,943,1543,1510,1130,1435,908,930,866,1001,1350,1590,297
1738,1412,1137,1242,895,541,747,901,922,1556,941,1126,826,1073,1183,1619,991
991,993,526,1094,969,1640,1247,1601,1143,1273,1472,1090,982,978,1366,969,485
1102,1126,601,1076,1014,990,1712,1567,1080,1399,880,1000,941,924,1345,1631,297
1186,1292,622,1313,1062,1561,1317,881,1050,1401,923,1212,830,1139,1281,1432,143
705,1397,444,1078,1420,1004,1647,1365,1116,1408,829,1038,1008,928,1368,1582,361
948,1616,761,1379,867,1588,1032,812,1165,1310,1398,1038,1251,916,1215,987,472
1744,1638,1200,1089,978,384,958,684,1024,1526,866,1070,921,990,1206,1621,991
758,1155,553,1626,1340,1707,913,566,1072,1547,1033,1223,1213,1014,1336,842,540
1678,1311,1266,940,939,778,1148,973,1016,1608,1154,976,1156,904,1170,1286,390
883,1100,494,1022,1201,1445,1290,1716,1123,1464,1298,1053,820,957,1482,1079,485
1221,1398,533,1285,1058,1307,1518,900,1186,1311,880,1022,834,1115,1459,1458,143
982,1406,741,1112,1199,912,1502,1335,1058,1347,979,910,1086,935,1338,1599,361
977,1236,552,1067,1113,779,1739,1595,1104,1444,870,1047,786,943,1350,1665,297
1744,1410,1337,971,1106,419,1027,765,947,1587,814,1209,871,1070,1215,1511,991
1595,1456,1095,800,1003,814,1210,1112,1046,1464,1082,993,1076,969,1278,1372,390
1283,1232,518,1374,926,1668,1260,805,1135,1345,1014,1067,867,1038,1373,1388,143
851,1544,726,1202,1043,1676,1177,866,1152,1451,1146,938,1278,1099,1105,1111,472
995,1540,522,1188,1087,1080,1570,1159,1130,1423,823,1079,927,954,1427,1517,361
637,1247,638,1568,1367,1666,1156,711,1110,1559,1007,993,1261,976,1387,987,540
1027,1067,665,873,1020,1587,1118,1699,1151,1407,1329,1006,855,1017,1430,1085,485
1744,1599,1313,1033,1089,379,950,577,1011,1421,773,1150,826,1070,1274,1716,991
1028,1232,455,1106,914,1138,1702,1590,1074,1385,894,972,874,989,1367,1673,297
807,1574,842,1149,1184,1615,1173,841,1134,1442,1191,1135,1254,974,1231,919,472
1744,1484,1057,818,802,926,1057,883,1093,1343,1225,1018,1050,1029,1273,1249,390
1089,895,688,865,985,1514,1268,1736,1112,1426,1397,1097,843,998,1429,978,485
892,1457,754,1102,1127,1000,1451,1338,1158,1395,1003,1008,955,995,1358,1399,361
1063,1365,437,1128,1041,1734,1427,806,1068,1370,1023,1050,805,1130,1323,1504,143
643,1193,528,1596,1288,1744,1152,706,1129,1511,1066,990,1303,920,1323,1038,540
1744,1558,1357,982,926,507,995,693,978,1418,912,1103,932,1007,1187,1660,991
947,1413,734,1216,802,1622,1375,895,1122,1433,1289,1009,1157,1088,1228,954,472
900,1068,787,1041,967,1610,1081,1647,1096,1479,1519,997,946,904,1313,1026,485
1738,1352,1198,830,905,677,1147,1218,1074,1367,1270,934,1055,941,1227,1412,390
822,1200,723,1518,1218,1744,1108,644,971,1373,1201,979,1440,1020,1228,1068,540
883,1322,407,1098,955,1021,1736,1620,1157,1267,821,976,878,971,1322,1694,297
998,1262,417,1322,1197,1675,1368,729,1158,1446,858,1162,796,1066,1450,1344,143
680,1600,752,1079,1242,1077,1543,1286,1149,1370,898,948,1010,839,1324,1642,361
1744,1452,1155,1065,959,595,904,782,929,1523,1032,1081,999,919,1140,1570,991
624,1209,513,1623,1323,1744,1081,754,1073,1488,1026,1036,1271,1019,1195,1155,540
1083,1195,604,1270,1019,1685,1373,883,1088,1389,891,1131,872,1067,1305,1494,143
958,1170,514,1166,1094,825,1642,1539,1137,1362,814,953,872,910,1336,1703,297
1009,1266,742,1005,1400,1015,1369,1474,1087,1419,870,905,1014,911,1333,1642,361
709,1554,907,1345,1079,1536,1187,917,1118,1427,1231,1054,1293,983,1230,944,472
1088,1043,763,987,838,1726,978,1510,1067,1291,1596,1112,924,1012,1208,996,485
1549,1313,1013,1020,1047,858,1204,930,1032,1415,1167,970,1164,986,1111,1426,390
1744,1516,1210,1027,903,496,991,570,1028,1457,927,1097,902,993,1162,1693,991
855,1122,402,1155,1064,780,1650,1744,1098,1299,838,934,1012,906,1276,1744,297
1061,1292,641,1136,1235,1415,1639,659,1214,1428,809,1290,694,1065,1498,1282,143
717,1091,506,1526,1223,1744,1306,775,1157,1471,913,1035,1225,1086,1349,1044,540
915,1373,699,986,1396,1002,1507,1358,1051,1435,797,1050,935,954,1396,1625,361
791,1688,763,1208,858,1665,1002,1087,1129,1247,1358,923,1354,978,1121,1170,472
1727,1506,841,996,959,786,1091,928,1060,1379,1286,928,1140,1003,1201,1283,390
989,1299,484,952,1049,910,1711,1500,1086,1297,943,968,906,1024,1279,1656,297
989,789,720,908,849,1656,1319,1688,1136,1325,1384,1049,868,958,1369,1191,485
1744,1404,1168,1044,1009,731,805,700,957,1469,878,1090,934,1001,1184,1697,991
952,1585,847,1124,829,1479,1235,1049,1138,1298,1197,956,1267,1105,1239,1080,472
715,1411,762,845,1352,939,1671,1495,1127,1325,851,871,983,1007,1396,1659,361
1224,1497,604,1252,971,1266,1402,879,1109,1278,854,1092,824,1168,1436,1519,143
860,1128,856,938,817,1553,1217,1703,1068,1418,1460,1068,830,1011,1367,1058,485
594,1052,684,1628,1446,1744,1100,776,1036,1523,1027,1162,1298,993,1323,918,540
875,1307,489,1086,963,945,1657,1589,1045,1307,1164,838,1035,954,1170,1689,297
1737,1454,1319,1013,878,649,944,746,940,1416,898,1171,879,1075,1209,1692,991
1679,1357,1211,1042,890,1034,952,1004,1108,1395,1178,937,1137,990,1181,1349,390
1027,1134,535,1013,1010,1653,1164,1536,1081,1443,1557,1013,896,924,1335,977,485
757,1604,626,1136,1046,1106,1643,1185,1132,1238,1157,926,1068,1030,1352,1377,361
808,1332,786,1278,1111,1744,1136,858,1094,1367,1359,965,1323,988,1145,1039,472
1715,1556,1225,1108,882,351,979,642,941,1544,827,1092,984,960,1191,1639,991
934,1415,531,1062,1053,867,1723,1561,1115,1326,1009,878,1027,897,1195,1713,297
1156,1243,543,1347,1054,1695,1267,836,1084,1284,1046,1190,807,1191,1230,1425,143
764,1326,598,1624,1184,1721,947,741,1056,1381,1130,1169,1345,1029,1252,918,540
1664,1569,1003,1162,855,1021,987,847,1027,1447,1041,997,1096,996,1117,1559,390
1020,1395,533,1098,958,881,1652,1565,1098,1309,942,936,896,987,1320,1679,297
1744,1666,1047,1008,1170,411,1140,661,996,1502,884,1125,909,975,1157,1626,991
874,989,708,976,1001,1547,1250,1731,1039,1444,1363,1068,920,908,1330,1208,485
975,1565,797,1095,1231,919,1397,1186,1056,1302,938,1025,1057,1023,1298,1578,361
973,1577,883,1207,982,1652,1173,722,1019,1422,1256,1075,1216,1093,1077,1122,472
677,1180,563,1514,1358,1663,1353,646,1099,1489,1081,1070,1268,1008,1326,939,540
1471,1169,508,1338,1129,1539,1289,830,1047,1344,719,1215,794,1137,1422,1589,143
999,1340,372,1158,1047,874,1744,1402,1034,1562,954,887,860,923,1228,1711,297
1744,1382,869,857,952,877,1096,942,1090,1395,1130,958,1098,956,1218,1414,390
1744,1643,1174,1021,1028,464,874,646,993,1474,996,1069,957,926,1147,1659,991
733,1295,668,1085,1254,1291,1586,1215,1063,1473,787,980,1023,988,1407,1511,361
855,1615,856,1220,932,1663,1157,840,1106,1365,1319,947,1384,975,1141,1043,472
1257,1368,573,1356,1091,1453,1164,975,1038,1221,894,1083,922,1156,1305,1636,143
808,1242,817,1535,1181,1706,1142,543,1137,1437,999,1022,1316,949,1381,1039,540
1298,899,768,1054,876,1470,1165,1642,1079,1402,1498,1084,943,926,1217,1131,485
1341,1114,504,1354,942,1598,1432,743,1222,1246,758,1153,818,1063,1573,1441,143
1071,1228,508,1147,874,874,1688,1675,1100,1414,924,902,960,996,1308,1626,297
1744,1658,1342,1103,891,395,892,577,992,1516,828,1091,934,986,1189,1675,991
908,1439,825,1342,929,1672,1098,833,1136,1413,1371,951,1250,983,1106,1070,472
1738,1321,1061,894,964,926,1051,988,1082,1402,1214,891,1260,882,1229,1320,390
1029,945,544,1033,954,1637,1245,1683,1113,1502,1338,1168,754,957,1386,1062,485
841,1252,486,1582,1336,1699,1114,588,1026,1482,995,1091,1307,949,1341,1089,540
644,1650,582,998,1093,1203,1708,1090,1068,1423,995,1025,1019,973,1304,1465,361
1744,1555,1010,1185,1082,630,898,582,916,1620,954,1064,942,907,1090,1709,991
1028,1399,436,1182,918,1719,1456,915,1123,1425,1023,1107,794,1083,1302,1391,143
1744,1429,989,881,880,1157,1065,718,1061,1572,1170,973,981,934,1163,1426,390
919,1525,691,1369,953,1734,1236,710,1067,1447,1239,1082,1232,1120,1106,987,472
689,1531,753,1070,1320,1164,1480,1208,1061,1502,1033,934,1124,919,1341,1366,361
1130,1003,602,909,979,1605,1199,1584,1073,1449,1453,1145,835,925,1349,1051,485
1023,1386,522,1104,1105,936,1683,1463,993,1534,884,935,883,1014,1210,1722,297
654,1109,558,1671,1340,1669,1086,753,1013,1547,1132,1133,1285,1069,1193,908,540
874,1530,1035,1220,912,1737,974,946,1137,1277,1297,931,1437,923,1211,1067,472
1744,1354,1145,1037,1023,659,951,869,923,1468,781,1214,828,985,1190,1699,991
948,1526,308,1316,1059,1654,1509,841,1116,1380,933,1062,817,1066,1238,1587,143
700,1463,714,964,1248,886,1680,1421,1071,1401,991,961,1082,957,1251,1544,361
1615,1375,1019,1039,828,1117,900,1164,959,1391,1132,954,1110,1047,1194,1493,390
722,1187,370,1175,1057,909,1741,1675,1059,1456,952,890,1000,992,1193,1673,297
930,1074,423,1030,1218,1508,1266,1664,1090,1459,1409,1113,817,950,1443,938,485
657,1132,691,1573,1360,1740,1249,564,1083,1585,1073,970,1311,934,1312,999,540
1724,1741,1075,1059,1004,491,871,617,1010,1563,1013,1075,965,908,1123,1589,991
1298,1397,619,1259,999,1584,1349,744,1178,1363,812,1057,895,1103,1264,1574,143
777,1285,831,1258,840,1744,1298,762,1079,1423,1204,991,1292,1079,1083,1129,472
775,1500,771,1124,1118,906,1658,1391,996,1232,916,920,1102,1032,1328,1730,361
652,1185,556,1684,1314,1744,1185,608,1122,1520,961,1016,1269,976,1341,1075,540
1152,1256,478,1147,934,1001,1578,1493,1098,1334,981,919,936,975,1287,1650,297
1187,1179,678,1014,771,1558,921,1687,1076,1310,1588,1116,907,1000,1270,1013,485
1740,1555,1037,1192,912,880,910,924,971,1311,1213,969,1231,968,1187,1430,390
921,1689,727,1352,798,1733,1035,770,1176,1204,1421,929,1370,1008,1144,1028,472
1744,1616,1078,1059,1054,391,862,653,988,1548,983,1147,855,973,1225,1523,991
1125,1214,525,1288,1118,1517,1463,813,1184,1395,882,1200,722,1119,1487,1291,143
1031,1225,421,1064,1114,945,1713,1648,1150,1384,859,962,877,976,1363,1649,297
555,1346,526,1670,1400,1744,1119,652,1096,1505,1128,1050,1373,871,1372,834,540
722,1373,670,924,1373,1106,1604,1372,1136,1472,922,897,1127,845,1292,1585,361
1744,1377,926,912,976,765,1155,1152,1009,1413,1346,867,1208,982,1138,1317,390
1744,1712,1201,1049,996,328,853,630,959,1381,879,1061,984,960,1178,1699,991
1112,1075,639,988,927,1598,1228,1650,1078,1585,1496,1043,844,907,1276,1051,485
930,1530,825,1293,830,1529,1276,841,1218,1358,1320,981,1292,981,1227,903,472
1031,1417,470,1284,1012,1534,1482,641,1232,1577,852,1189,758,1100,1411,1159,143
744,1202,506,1665,1428,1744,1031,602,1070,1396,972,1150,1385,966,1327,1014,540
696,1182,715,1091,1276,1342,1475,1415,1076,1395,980,985,1035,959,1341,1509,361
968,1013,611,968,1088,960,1682,1696,1006,1378,989,914,1067,868,1212,1703,297
1718,1412,1204,954,750,747,1234,710,1108,1444,1012,1034,997,958,1211,1508,390
898,1635,817,1107,969,1682,1179,805,1109,1454,1316,922,1339,875,1225,1040,472
1744,1653,997,1019,960,564,1086,673,983,1548,903,1063,871,920,1166,1704,991
1125,982,716,898,916,1430,1223,1743,1050,1263,1565,1130,933,985,1408,912,485
828,1312,538,1333,985,1738,1529,720,1192,1421,891,1221,757,1059,1423,1316,143
958,1291,555,1632,1228,1632,1081,570,1053,1466,996,1004,1312,1013,1322,1114,540
1034,1328,489,1099,835,981,1654,1609,1052,1274,967,1029,948,973,1248,1664,297
591,1495,763,926,1260,1267,1644,1162,1068,1367,911,1027,1071,981,1410,1445,361
848,1673,598,1351,1002,1744,1023,730,1076,1375,1357,957,1252,1027,1131,1105,472
1744,1604,948,1283,907,690,929,673,1002,1521,973,1090,1002,874,1251,1540,991
1703,1181,896,900,876,1076,1151,1127,1133,1335,1165,952,1186,839,1252,1418,390
749,1464,575,1616,1258,1648,994,559,1060,1399,1069,1172,1318,1039,1343,880,540
1195,1567,525,1286,1049,1544,1144,811,1099,1362,1005,1042,891,1047,1300,1500,143
982,1100,711,1110,967,1378,1246,1610,1121,1462,1320,1191,756,1037,1508,885,485
958,1291,453,1020,1070,773,1689,1552,1112,1361,978,972,947,894,1280,1624,297
1744,1499,785,1184,771,996,1141,885,1116,1345,1103,901,1131,943,1155,1586,390
758,1150,619,1668,1214,1664,1164,757,1134,1417,1146,969,1320,909,1356,1029,540
893,802,998,911,1374,1137,1443,1651,962,1332,915,1006,1164,922,1250,1619,361
831,1521,725,1386,966,1693,999,869,1077,1373,1223,1063,1267,1077,1199,1001,472
1744,1437,1171,1162,898,594,974,694,962,1517,806,1164,974,1013,1159,1648,991
1123,884,570,1380,1140,1439,1495,1032,1077,1247,783,1176,893,1148,1434,1522,143
1207,745,900,849,1043,1359,1227,1744,1084,1365,1416,1132,843,994,1414,1032,485
537,1243,609,1666,1265,1688,1067,832,1083,1401,1100,998,1422,994,1149,1133,540
1055,1173,525,938,1164,860,1608,1629,1069,1306,928,887,861,1065,1269,1710,297
757,1606,761,1301,891,1648,1136,776,1130,1382,1262,993,1396,959,1154,1004,472
1744,1689,1172,1163,984,498,878,676,1016,1467,951,1151,937,946,1105,1673,991
721,1308,739,1012,1364,1054,1538,1416,986,1365,893,986,1059,1006,1281,1616,361
947,1108,562,1234,1012,1638,1524,765,1199,1267,933,1181,827,1097,1529,1227,143
610,1211,603,1620,1485,1686,1109,686,1027,1499,936,1026,1360,994,1279,1159,540
1725,1306,1156,1001,906,910,1201,971,1062,1502,1075,902,1065,901,1119,1654,390
1026,1304,529,1177,1043,972,1598,1533,1223,1361,834,992,795,984,1450,1551,297
747,1680,668,1402,915,1695,1138,746,1120,1431,1297,1047,1278,1166,1133,808,472
1077,1094,851,953,994,1382,1207,1632,1011,1390,1429,1088,845,955,1305,1215,485
1675,1365,999,863,941,951,1226,987,1108,1429,1206,955,1090,900,1280,1312,390
845,1322,531,1096,1254,1161,1564,1453,1071,1334,917,1004,993,982,1331,1621,361
922,1209,494,1208,1030,836,1650,1614,1111,1374,910,921,909,980,1290,1646,297
664,1359,581,1682,1155,1744,1112,726,1138,1287,1040,966,1436,1005,1344,1064,540
1744,1606,1053,1102,1036,504,1012,631,967,1457,910,1117,904,1034,1192,1679,991
1200,1241,554,1357,1061,1424,1340,871,1103,1378,935,1030,766,1109,1425,1522,143
895,1120,567,961,1026,1620,1177,1591,1143,1337,1437,1085,891,987,1436,964,485
839,1470,723,1254,1098,1733,1142,819,1134,1485,1217,1065,1214,1062,1248,855,472
1619,1311,1129,1030,811,1002,1191,1116,1059,1433,1230,903,1170,970,1173,1342,390
920,1379,591,1577,1240,1744,930,510,1144,1378,983,1066,1347,916,1399,1047,540
731,1093,944,1076,1296,1176,1390,1557,957,1358,959,868,1248,1019,1156,1707,361
1695,1463,1175,1160,1145,603,1021,724,1009,1465,732,1175,839,1004,1224,1744,991
1026,1410,493,1122,1075,820,1690,1525,1146,1361,849,947,977,921,1376,1650,297
1164,1407,463,1275,1071,1703,1240,786,1162,1412,996,1114,730,1154,1366,1346,143
954,1074,664,860,1060,1700,1023,1713,1052,1467,1507,1090,874,941,1277,1070,485
1741,1450,936,1010,805,1060,941,1090,1093,1426,1259,1041,1103,883,1171,1304,390
804,1499,722,1381,959,1651,1132,887,1144,1381,1245,1023,1248,1022,1221,996,472
804,1392,661,932,1199,1004,1733,1474,967,1225,953,1059,1156,958,1329,1577,361
1744,1359,1169,1195,1099,629,937,696,903,1473,717,1077,1048,1003,1116,1744,991
571,1016,663,1623,1476,1681,1152,658,1049,1657,1001,1095,1173,955,1330,1014,540
831,1493,576,1138,888,990,1633,1614,1160,1485,1074,968,803,986,1350,1454,297
1171,1425,700,1013,1174,831,1385,1470,1092,1288,1036,888,1040,921,1179,1626,361
974,1161,513,949,896,1716,1281,1569,1035,1417,1373,1179,905,1007,1312,1052,485
1566,1289,902,1073,952,1180,1233,1022,1150,1501,1025,965,1042,931,1298,1368,390
1744,1543,1237,1032,1088,438,786,812,935,1409,1119,1010,1088,925,1123,1636,991
1127,1109,617,1341,1008,1477,1512,899,1074,1353,787,1212,795,1108,1466,1485,143
803,1375,555,1504,1070,1617,1153,864,1125,1365,1276,924,1391,842,1250,1107,540
941,1491,546,1062,1058,770,1606,1616,1032,1524,973,930,867,959,1192,1698,297
695,1586,739,1285,886,1577,1395,1019,1102,1319,1268,996,1400,998,1131,1066,472
1561,1330,1381,925,646,919,1043,1202,994,1301,1221,954,1263,974,1165,1408,390
827,1714,826,1219,905,1715,1104,714,1062,1424,1346,1023,1341,952,1057,1075,472
914,1165,585,1066,1194,1201,1721,1266,1075,1268,931,1015,1037,1033,1459,1458,361
1734,1688,1065,1290,973,582,940,496,968,1446,971,1050,963,978,1258,1545,991
943,1123,846,850,865,1685,1104,1697,1087,1347,1556,1009,954,984,1363,980,485
886,1431,639,1027,1036,828,1560,1636,1001,1328,935,868,1093,916,1246,1722,297
770,1147,617,1304,1142,1674,1577,912,1053,1461,1053,1020,882,1115,1289,1407,143
504,1250,554,1583,1387,1675,1185,705,1094,1490,1039,991,1296,1002,1310,1033,540
887,1337,810,982,1100,1130,1446,1467,1062,1184,943,997,1090,932,1315,1670,361
1029,1160,645,956,918,1577,1135,1617,1060,1426,1412,1146,880,931,1320,1105,485
957,1169,615,1117,976,859,1742,1679,1086,1395,905,889,947,982,1257,1710,297
1744,1475,1032,932,1073,855,1060,858,1041,1530,1299,987,1109,912,1195,1207,390
936,1459,831,1214,1034,1620,1154,893,1091,1438,1313,1025,1256,1039,1183,935,472
1744,1650,1069,1008,875,674,845,641,936,1502,966,1057,905,1000,1244,1601,991
761,1108,545,1565,1465,1722,1172,618,1107,1417,957,1126,1241,991,1291,1150,540
1126,1051,534,1327,859,1672,1491,782,1186,1275,792,1195,830,1148,1438,1416,143
1625,1411,969,852,943,1073,1353,838,1072,1570,1075,913,1045,975,1177,1453,390
763,1609,824,1238,1084,1709,1121,779,1193,1452,1160,1057,1214,1008,1198,998,472
742,1100,724,1173,1157,1131,1519,1630,1098,1290,812,898,1148,1000,1340,1624,361
1147,1110,808,991,876,1300,1190,1721,1125,1360,1496,1059,902,947,1349,1037,485
1744,1535,1130,1145,964,725,880,724,963,1634,825,1204,875,965,1222,1589,991
1115,1493,651,1016,903,998,1427,1611,1090,1319,975,959,979,947,1209,1702,297
608,1246,573,1616,1314,1712,1357,574,1089,1450,1001,1070,1288,972,1393,1017,540
1744,1601,1236,1069,993,548,799,561,899,1467,865,1090,1031,1002,1169,1576,991
866,899,578,1109,1131,1646,1231,1615,1119,1455,1376,1167,804,1014,1455,890,485
