l5e1,l5e2,l5e3,l5e4,l5e5,l5e6,l5e7,l5e8,l7e1,l7e2,l7e3,l7e4,l7e5,l7e6,l7e7,l7e8,maj_class
947,1213,440,1169,1178,693,1720,1621,1068,1412,889,1000,845,968,1328,1720,297
793,1540,865,1223,1126,1650,1153,607,1122,1583,1255,982,1247,988,1112,991,472
1744,1472,1376,1183,1057,401,870,459,1027,1527,705,1152,876,1028,1228,1694,991
894,792,725,965,1118,1576,1390,1560,1146,1573,1351,1149,737,930,1443,927,485
1234,1182,497,1280,1168,1690,1427,673,1138,1501,900,1168,702,1139,1389,1343,143
1744,1304,1262,884,960,803,1064,925,1109,1554,1093,835,1107,902,1133,1547,390
754,1276,554,1090,1358,1187,1592,1343,1039,1344,889,1024,1052,923,1312,1629,361
475,1271,450,1744,1387,1744,970,656,1107,1460,1091,1016,1436,923,1312,935,540
770,1539,1128,1290,842,1667,1066,851,1175,1402,1293,983,1376,964,1149,938,472
884,1478,451,1236,904,765,1667,1651,1110,1482,923,961,775,950,1319,1712,297
1744,1558,1093,1129,901,394,925,642,976,1498,913,1053,884,1001,1195,1708,991
1281,1269,671,1259,1098,1557,1270,765,1065,1338,886,1217,790,1109,1320,1555,143
1067,1055,506,776,861,1640,1206,1744,1107,1470,1540,1164,766,919,1355,959,485
954,1511,573,914,1211,1014,1667,1254,1095,1273,888,919,949,1038,1326,1679,361
486,1155,602,1638,1422,1744,1006,681,1061,1513,1065,1032,1496,909,1248,956,540
1744,1592,920,801,897,854,1079,1125,1053,1367,1088,1035,1190,954,1119,1474,390
770,1707,324,1016,923,814,1744,1632,1193,1315,915,956,856,908,1411,1685,297
900,810,580,1033,900,1686,1212,1703,1147,1450,1485,1137,694,972,1449,921,485
971,1004,444,1335,1309,1637,1507,856,1169,1372,735,1128,801,1191,1447,1437,143
655,1447,763,1010,1274,915,1570,1493,991,1379,919,894,1088,945,1287,1688,361
1744,1744,1339,1031,1096,371,737,493,979,1497,895,1092,987,948,1137,1659,991
679,1617,758,1292,928,1594,1168,841,1183,1440,1180,1092,1337,1002,1120,926,472
1727,1439,1175,845,824,821,1044,1048,1129,1381,1209,962,1158,993,1202,1246,390
561,1099,588,1648,1343,1744,1101,715,1087,1551,993,940,1494,860,1266,1089,540
983,1526,442,1033,1241,889,1650,1422,1084,1427,951,960,862,1055,1335,1589,361
857,1289,437,1413,1095,1646,1474,754,1170,1450,887,1151,784,1035,1365,1438,143
893,1282,752,1248,810,1744,1148,982,1139,1474,1305,945,1281,1018,1233,885,472
893,1309,400,1015,1107,628,1706,1744,1138,1296,986,860,887,1021,1281,1711,297
1744,1634,1111,1169,885,480,886,588,987,1539,1016,1052,936,933,1182,1631,991
1135,876,749,827,860,1614,1165,1721,1122,1307,1533,1043,860,1000,1378,970,485
1744,1554,1205,814,812,923,1028,746,1092,1361,1281,886,1149,1041,1123,1347,390
629,1072,531,1691,1493,1744,1323,491,1102,1621,1084,1013,1257,899,1306,998,540
953,1102,625,1085,1184,1269,1563,1499,1048,1363,821,973,1077,974,1313,1639,361
1208,1641,463,1211,1138,1593,1306,655,1136,1295,883,1121,767,1194,1391,1493,143
1744,1617,1443,1159,961,321,792,498,942,1444,841,1029,988,945,1178,1741,991
1158,859,669,932,912,1657,1311,1565,1124,1443,1538,1099,764,935,1374,959,485
718,1663,408,1079,962,772,1671,1653,1082,1423,947,942,879,963,1216,1731,297
767,1658,911,1321,1003,1637,965,742,1108,1512,1242,1006,1296,975,1101,1040,472
1744,1535,1300,938,795,790,1111,722,1029,1392,1257,999,1183,953,1095,1372,390
549,1289,430,1653,1505,1744,1090,554,1046,1529,1021,1102,1353,899,1300,1030,540
1110,1165,469,1241,1103,1643,1521,697,1115,1503,884,1184,674,1132,1426,1362,143
829,1394,568,1054,1302,1173,1645,1298,1082,1325,888,938,979,953,1386,1633,361
1744,1636,1455,1078,923,244,741,551,987,1428,863,1176,891,989,1190,1741,991
724,1531,811,1240,960,1744,1148,784,1132,1388,1261,1029,1333,1052,1127,958,472
753,1418,373,1035,1111,780,1744,1604,1139,1419,974,986,803,991,1220,1649,297
922,1057,701,873,815,1696,1078,1744,1096,1406,1522,1079,823,1012,1297,1045,485
1709,1603,1052,856,973,585,1275,960,1011,1502,1280,986,948,1012,1136,1405,390
833,1605,566,958,1241,716,1720,1312,1081,1432,1011,962,953,960,1366,1515,361
1260,1374,427,1223,1061,1587,1390,699,1053,1396,926,1195,680,1209,1387,1403,143
1143,916,698,885,923,1625,1166,1744,1084,1355,1488,1125,864,1027,1341,954,485
1061,1299,387,1184,964,920,1674,1629,1052,1350,907,897,985,919,1191,1744,297
695,1671,774,1190,877,1705,1198,748,1164,1347,1316,992,1270,1124,1127,940,472
514,1289,606,1616,1513,1744,1063,556,1041,1547,1080,1106,1346,895,1253,1012,540
1744,1582,1313,1047,999,315,922,516,936,1525,807,1146,859,1031,1171,1738,991
740,1367,648,955,1270,953,1644,1567,1132,1452,907,900,956,908,1283,1671,361
1744,1133,1162,1053,881,805,937,1112,1002,1399,1392,868,1281,883,1180,1275,390
1138,1192,497,1327,1112,1588,1473,870,1088,1417,969,1139,841,1013,1444,1369,143
847,1061,611,1031,911,1455,1278,1717,1100,1440,1511,1040,786,999,1297,1102,485
1209,1210,300,1156,1024,789,1681,1603,1083,1385,843,922,763,959,1266,1744,297
546,1042,551,1675,1552,1738,1101,607,1016,1564,1021,1083,1461,829,1310,979,540
632,1359,1014,1373,968,1676,957,982,1174,1402,1344,906,1404,940,1245,865,472
750,1441,766,935,1272,1037,1551,1448,1068,1263,900,1002,1034,972,1464,1577,361
1744,1672,1058,1156,998,306,894,683,949,1597,862,1186,870,930,1145,1722,991
1744,1305,1325,990,911,649,869,1103,1116,1374,1207,850,1206,946,1117,1464,390
1038,797,586,917,1059,1586,1226,1695,1033,1444,1458,1137,829,989,1387,1003,485
1180,1069,429,1327,1166,1624,1555,766,1131,1387,837,1226,681,1157,1430,1431,143
937,1190,459,965,971,720,1744,1695,1158,1336,915,870,852,942,1309,1715,297
545,1258,542,1675,1224,1744,1092,578,1129,1466,1155,998,1362,883,1335,947,540
1653,1529,1177,1065,1089,219,1054,569,1001,1550,853,1128,845,974,1185,1605,991
832,1227,522,1064,1317,1102,1590,1508,1051,1321,885,917,997,1035,1277,1651,361
1087,1142,421,1458,1236,1641,1403,622,1086,1334,1019,1209,783,1144,1485,1220,143
983,1070,543,981,1004,1651,1214,1584,1117,1478,1638,1041,886,944,1257,899,485
744,1667,875,1158,826,1622,1227,811,1109,1316,1379,979,1324,1052,1162,959,472
1713,1388,959,902,860,881,1172,1076,1036,1503,1206,1080,1028,1015,1142,1270,390
766,980,391,971,1181,847,1728,1709,1113,1407,880,858,912,946,1380,1700,297
601,1084,539,1657,1459,1665,1254,613,1095,1454,1037,950,1453,899,1225,1167,540
1744,1536,1283,979,1218,435,978,558,974,1540,795,1117,911,959,1188,1671,991
788,1436,515,1097,1267,948,1569,1413,1017,1308,1078,958,1126,865,1375,1499,361
642,1522,735,1177,1161,1715,1279,802,1071,1451,1297,1000,1368,1041,1123,929,472
966,982,424,1236,1145,1744,1586,673,1123,1346,731,1329,680,1290,1385,1396,143
1067,951,817,974,688,1684,1204,1700,1074,1327,1616,1071,886,930,1302,1071,485
1011,1230,320,1060,1086,858,1744,1649,1072,1227,1006,808,1017,864,1182,1744,297
1717,1492,944,953,953,646,1040,979,1099,1390,1301,886,1197,935,1194,1278,390
538,1252,502,1719,1317,1744,1004,584,1075,1431,1042,1080,1517,977,1201,944,540
1744,1619,1345,1101,940,313,855,506,935,1528,870,1161,848,1113,1095,1691,991
1093,1115,525,1209,1337,1463,1445,841,1072,1410,790,1282,717,1198,1487,1324,143
716,1450,639,1076,1378,1111,1480,1318,1014,1380,816,1031,1106,902,1306,1724,361
861,1680,705,1278,1038,1653,1099,572,1144,1424,1407,952,1274,1096,1138,845,472
999,808,569,911,1000,1630,1289,1709,1138,1517,1314,1169,573,1055,1553,961,485
899,1353,333,1074,1041,1024,1653,1610,1114,1479,907,1008,770,1069,1284,1601,297
507,1309,517,1742,1367,1744,1159,546,1028,1431,948,1124,1359,1020,1417,953,540
1744,1443,1265,1060,1166,458,799,596,978,1445,875,1240,891,1001,1061,1738,991
1744,1429,829,1051,895,861,1294,958,1102,1501,1174,895,1075,880,1203,1450,390
865,1260,496,1375,1086,1559,1563,744,1134,1368,1002,1142,746,1114,1428,1346,143
855,1507,589,966,1333,724,1635,1286,1104,1226,915,990,1068,979,1275,1671,361
1001,1124,617,816,969,1395,1322,1744,1053,1374,1473,1202,756,979,1435,1008,485
587,1692,679,1256,981,1744,1057,861,1114,1258,1295,1046,1426,988,1040,1113,472
891,1266,427,1109,1096,802,1711,1690,1045,1319,972,1022,1012,957,1173,1648,297
588,1375,592,1736,1333,1680,862,688,1094,1469,1155,981,1419,934,1215,1013,540
761,1538,867,1229,828,1710,1179,1005,1121,1432,1287,928,1383,1041,1101,987,472
895,1283,747,1018,1373,920,1540,1363,1112,1251,962,921,1042,995,1359,1591,361
1210,1327,422,1277,1214,1519,1331,860,1115,1425,840,1134,688,1172,1366,1540,143
1744,1248,1138,925,921,884,976,956,1090,1489,1225,913,1118,967,1145,1333,390
969,1039,545,824,840,1727,1171,1665,1068,1550,1458,1108,769,1049,1336,942,485
1744,1702,1108,989,1065,327,913,616,952,1520,830,1175,847,961,1252,1727,991
944,1382,364,1115,1073,634,1689,1476,1108,1337,966,910,936,974,1231,1586,297
685,1225,609,1736,1075,1676,1085,631,1066,1378,1167,878,1499,912,1296,1057,540
881,938,615,908,883,1611,1239,1744,1065,1504,1413,1166,786,927,1379,1032,485
1744,1283,1062,905,921,875,1220,1082,1057,1425,1172,959,1090,984,1220,1373,390
769,1578,478,983,1197,856,1651,1281,1121,1397,940,1042,951,962,1430,1406,361
1364,1464,373,1201,901,1627,1435,845,1157,1492,790,1132,679,1044,1355,1576,143
692,1480,999,1265,907,1661,994,1115,1014,1400,1436,882,1439,987,1079,1033,472
910,1242,371,1035,1065,730,1744,1706,1145,1395,946,903,844,1014,1269,1676,297
1744,1402,1329,972,1051,326,814,695,974,1351,884,1227,797,1024,1281,1657,991
958,953,481,1026,1236,1313,1400,1735,1173,1449,1405,1149,796,985,1543,780,485
436,1394,563,1718,1373,1667,1025,580,1078,1445,1186,1009,1501,893,1269,899,540
1246,1242,438,1390,1076,1495,1380,895,1164,1384,771,1194,652,1171,1515,1429,143
1744,1265,816,1123,954,1053,1065,926,1046,1426,1163,1011,1153,1023,1240,1218,390
768,971,563,1014,1540,883,1744,1535,946,1463,929,936,1025,935,1309,1659,361
812,1490,720,1260,990,1671,1184,730,1125,1338,1318,917,1445,990,1097,1050,472
936,977,652,982,1031,1569,1189,1680,1130,1436,1434,1098,854,949,1454,907,485
624,1255,565,1634,1445,1744,1183,518,1079,1556,911,993,1388,951,1456,909,540
1449,1320,499,1241,942,1650,1345,712,1211,1375,894,1113,683,1081,1475,1448,143
1744,1603,1302,1018,1090,318,850,702,951,1510,900,1077,998,930,1069,1734,991
982,1487,412,1066,918,858,1740,1613,1142,1348,1015,987,877,954,1331,1542,297
775,1454,549,985,1180,725,1718,1457,1108,1351,968,937,1022,968,1326,1573,361
1744,1462,1231,977,863,715,995,1065,1043,1349,1251,936,1226,898,1185,1392,390
677,1492,870,1144,931,1744,1041,769,1147,1377,1320,1027,1271,1034,1201,903,472
795,885,659,906,1046,1657,1136,1740,1108,1337,1474,1123,833,955,1343,1101,485
1734,1716,1114,1118,1078,427,888,547,916,1547,998,985,980,971,1105,1640,991
531,1401,566,1744,1190,1722,1076,670,1112,1478,1182,936,1557,784,1216,999,540
1129,1417,504,1138,1123,1617,1406,675,1097,1401,1042,1092,848,1123,1314,1363,143
885,1319,463,988,978,882,1702,1673,1053,1394,876,952,958,974,1273,1699,297
847,1706,801,1319,856,1699,1000,826,1088,1240,1449,963,1503,995,1091,951,472
1033,1008,558,798,953,1634,1297,1635,1121,1441,1563,1135,736,926,1319,1000,485
944,1593,611,974,1345,807,1519,1270,946,1262,1071,975,1114,885,1159,1690,361
1744,1652,1163,1196,1036,402,754,515,993,1669,988,1090,898,876,1139,1624,991
1089,1359,386,1340,1188,1668,1378,625,1095,1464,1094,1121,879,1080,1240,1307,143
673,1146,624,1684,1362,1712,1068,559,1044,1458,1034,1015,1431,1036,1231,1031,540
1729,1538,696,940,892,870,1193,988,1047,1497,1209,1002,1103,1028,1142,1252,390
768,1419,952,1388,845,1721,1110,888,1089,1391,1333,936,1385,1075,1170,901,472
920,1579,351,1039,1055,979,1725,1549,1083,1485,958,871,807,934,1260,1698,297
721,1327,678,926,1431,916,1683,1506,1102,1411,837,934,1011,991,1376,1558,361
1038,1109,498,1447,1088,1716,1357,889,1209,1406,890,1132,778,1112,1433,1320,143
1117,895,525,881,1133,1598,1299,1631,1128,1444,1456,1176,772,935,1447,922,485
1744,1621,1284,1172,1024,342,849,590,970,1662,775,1078,818,998,1114,1677,991
542,1116,531,1680,1256,1744,1202,632,1086,1426,1033,1013,1461,980,1318,963,540
852,1672,884,1180,850,1735,1094,768,1165,1312,1426,930,1412,998,1122,890,472
1744,1349,967,1044,964,784,1111,867,1047,1565,1169,977,1080,1011,1116,1315,390
1088,953,595,935,985,1534,1324,1566,1088,1512,1515,1127,752,952,1406,925,485
912,1569,373,1157,980,749,1703,1589,1095,1338,973,934,835,955,1274,1673,297
1744,1687,1121,1191,1039,337,826,612,932,1684,841,1149,794,928,1143,1621,991
587,1102,381,1601,1451,1744,1243,597,1098,1644,994,1085,1286,952,1381,819,540
842,1521,691,857,1385,752,1700,1363,1125,1419,912,997,922,925,1367,1563,361
1138,1535,496,1270,973,1545,1353,626,1153,1339,919,1158,824,1069,1352,1466,143
749,1513,897,1216,916,1744,1059,915,1112,1285,1258,1010,1394,939,1226,1056,472
1744,1345,1034,845,970,909,1110,932,1031,1603,1186,985,1113,944,1165,1253,390
996,1461,510,1133,895,735,1662,1679,1123,1314,900,869,1074,971,1268,1703,297
971,1000,636,819,797,1724,1221,1744,1121,1365,1459,1137,755,939,1307,1197,485
1744,1546,1212,1081,1125,343,829,708,945,1511,944,1155,912,1051,1191,1553,991
893,1349,692,1032,1245,1114,1504,1267,1031,1346,889,1030,997,1058,1318,1580,361
598,1166,437,1721,1404,1744,1082,600,1056,1451,1088,1003,1441,925,1331,985,540
696,1701,620,1352,981,1651,1003,738,1158,1286,1415,970,1352,1110,1078,911,472
931,1221,499,1346,1150,1600,1382,734,1085,1340,910,1266,825,1194,1445,1215,143
939,1375,393,1149,968,727,1725,1702,1136,1465,870,910,825,934,1313,1706,297
1744,1595,1160,881,788,777,1070,867,1111,1381,1273,1001,1215,926,1079,1294,390
823,1679,654,1334,901,1698,1120,821,1161,1261,1352,1080,1213,1014,1329,870,472
1070,758,529,972,896,1699,1207,1744,1120,1320,1521,1174,847,948,1380,970,485
505,1024,484,1678,1489,1744,943,624,1135,1521,1007,1166,1316,998,1336,801,540
895,1323,593,964,1315,1058,1621,1450,1114,1363,1009,929,1084,901,1251,1609,361
1744,1534,1265,1162,825,323,895,801,936,1549,894,1127,877,1037,1132,1645,991
1058,1043,541,1390,1103,1655,1326,824,1044,1381,811,1225,785,1177,1336,1521,143
1049,1208,424,1103,947,961,1623,1610,1081,1343,918,969,893,963,1381,1624,297
1047,887,560,906,1234,1252,1263,1744,1088,1432,1334,1064,810,940,1468,1144,485
1139,1525,520,1352,979,1556,1375,814,1202,1270,877,1074,889,1111,1409,1448,143
926,1572,600,963,1423,725,1586,1419,1043,1465,829,968,943,973,1407,1652,361
1699,1468,1172,968,850,800,1095,967,1029,1561,1087,1005,1122,956,1188,1284,390
1744,1550,1372,972,1055,208,852,718,969,1543,781,1154,831,1084,1341,1528,991
784,1734,763,1248,1168,1449,1169,812,1129,1379,1283,989,1266,1002,1106,1117,472
905,1268,395,1083,1034,798,1744,1605,1133,1395,915,918,894,914,1304,1633,297
586,1211,464,1671,1420,1744,1079,583,1102,1554,1000,1048,1357,936,1353,930,540
1214,1079,493,1396,956,1635,1386,741,1138,1368,984,1085,816,1054,1386,1449,143
1064,1634,578,1193,1092,838,1444,1275,1079,1329,931,1062,989,980,1397,1508,361
1686,1448,1244,761,947,824,944,992,1084,1375,1082,990,1087,1002,1269,1391,390
1036,1026,736,797,883,1566,1067,1744,1171,1429,1437,1023,812,963,1447,998,485
683,1528,785,1259,924,1734,1250,851,1180,1338,1116,1009,1295,1108,1271,948,472
1744,1491,1493,910,1073,172,823,623,1011,1403,791,1170,836,1012,1214,1719,991
1059,1411,385,1147,895,816,1617,1651,1101,1342,772,1029,780,986,1434,1670,297
574,1198,606,1654,1318,1744,1179,540,1108,1498,972,892,1430,979,1348,1053,540
809,1516,684,1093,1259,836,1627,1370,1145,1422,929,978,954,977,1364,1511,361
1182,1403,405,1103,1112,1689,1382,708,1121,1431,913,1174,694,1134,1337,1476,143
875,982,474,938,1097,1637,1275,1661,1075,1483,1398,1113,797,989,1418,1007,485
1744,1561,1401,1015,854,280,1030,696,975,1512,850,1049,916,952,1145,1731,991
1744,1086,1194,791,757,968,1105,1117,1082,1266,1288,912,1128,922,1201,1480,390
867,1729,790,1234,847,1607,1174,710,1148,1388,1389,953,1325,1029,1169,879,472
682,1269,703,1646,1288,1744,1070,670,1022,1334,1145,1004,1468,956,1289,1062,540
1124,1007,476,1339,1164,1688,1383,735,1089,1385,891,1123,779,1117,1424,1472,143
835,1348,360,1108,1050,758,1744,1722,1144,1280,846,887,858,1059,1311,1744,297
948,982,757,1000,989,1574,1174,1701,1121,1423,1604,1108,843,887,1285,984,485
699,1486,748,998,1202,1041,1589,1394,1150,1408,777,945,1016,887,1358,1669,361
1744,1479,1198,1146,963,390,937,661,929,1547,938,1114,929,982,1151,1645,991
492,1190,497,1689,1352,1744,1036,611,1071,1527,1002,1101,1273,1037,1263,1001,540
1615,1458,1147,878,994,729,1187,895,1033,1488,1214,911,1058,980,1089,1478,390
660,1526,826,1487,1102,1704,1005,878,1104,1450,1270,1050,1344,990,1158,914,472
1015,955,467,1140,905,1005,1699,1659,1216,1274,854,911,965,824,1221,1723,297
1190,1230,551,1219,1137,1652,1412,783,1191,1427,782,1227,755,1075,1407,1416,143
903,1262,857,961,1411,874,1532,1480,1101,1318,887,899,1059,905,1369,1667,361
1744,1649,1314,1025,967,351,811,512,998,1413,773,1134,905,1083,1198,1709,991
996,919,668,800,831,1712,1244,1653,1115,1347,1497,1166,751,1008,1361,990,485
513,1116,472,1638,1359,1744,1201,609,1148,1453,977,1080,1272,1114,1320,916,540
933,1192,443,949,1058,675,1736,1714,1118,1238,930,920,929,1002,1281,1744,297
1700,1526,876,1001,1039,808,1043,872,1072,1399,1169,963,1113,973,1214,1377,390
872,1644,801,1250,801,1709,982,740,1163,1234,1386,973,1363,986,1197,978,472
993,1392,492,1259,1019,1485,1574,685,1115,1339,836,1192,817,1160,1445,1376,143
904,1500,623,930,1234,904,1660,1347,1179,1296,795,945,894,965,1516,1674,361
1734,1556,1339,1037,986,396,777,544,944,1479,843,1135,896,1001,1142,1684,991
958,993,881,879,805,1606,1061,1736,1033,1425,1540,1143,765,985,1353,1036,485
919,1415,478,1094,946,719,1744,1666,1005,1313,1062,847,1023,935,1145,1706,297
660,1458,799,1094,913,1579,1419,1051,1138,1328,1301,914,1315,1063,1211,1010,472
424,1113,461,1726,1490,1744,1215,628,993,1585,916,1184,1363,1078,1345,816,540
1634,1517,1186,996,778,1087,803,1070,1139,1379,1250,875,1229,947,1117,1344,390
821,1617,753,939,1132,789,1651,1345,1183,1279,1026,860,1069,965,1349,1542,361
996,930,630,924,991,1630,1170,1744,1086,1407,1640,971,881,916,1283,1086,485
1744,1585,1272,1013,969,299,835,759,963,1418,859,1105,983,909,1193,1696,991
1138,1383,434,1357,1108,1652,1390,676,1112,1379,891,1180,740,1157,1350,1471,143
853,1251,498,1048,981,829,1744,1681,1142,1364,1070,858,951,910,1262,1708,297
724,1471,823,1288,1044,1689,1010,817,1142,1472,1166,999,1363,1076,1174,888,472
646,1359,592,1701,1180,1744,1001,643,1073,1378,1083,1032,1494,953,1278,989,540
1744,1593,1040,1038,1053,440,1168,534,955,1555,910,1186,807,954,1129,1676,991
1640,1497,931,1074,858,953,1136,961,1049,1522,1136,963,1058,990,1128,1434,390
1029,1206,378,1064,920,1025,1731,1668,1095,1328,958,874,886,955,1313,1676,297
865,1483,788,1045,1323,966,1493,1208,1061,1302,995,1032,1010,1021,1314,1477,361
884,914,753,969,974,1592,1161,1744,1079,1460,1455,1095,853,915,1380,1043,485
1572,1071,566,1285,1127,1590,1307,627,1043,1364,748,1297,680,1171,1386,1544,143
502,1195,640,1737,1281,1744,1138,508,1139,1517,941,1122,1360,973,1270,958,540
869,1567,837,1235,896,1719,1053,744,1105,1285,1403,993,1377,995,1123,999,472
1744,1587,1313,1173,1121,339,819,489,970,1551,883,1079,915,975,1201,1693,991
1744,1200,1088,918,916,824,1010,912,1081,1436,1170,881,1167,895,1124,1517,390
1308,1118,642,1337,1083,1597,1190,875,1062,1159,821,1158,905,1177,1343,1645,143
684,1332,557,1098,1229,1171,1675,1377,1094,1370,783,888,1018,943,1399,1731,361
984,1326,489,956,969,696,1744,1603,1087,1439,1026,799,930,905,1271,1744,297
1042,821,595,1098,773,1744,1294,1702,1087,1400,1557,1109,882,974,1307,962,485
848,1499,796,1330,1011,1723,1080,784,1099,1396,1489,996,1323,966,1099,912,472
488,1230,437,1680,1387,1730,1212,558,1043,1535,958,1019,1348,996,1372,1009,540
1259,1267,410,1344,835,1633,1431,733,1221,1242,832,1162,739,1068,1553,1463,143
1744,1598,1251,1141,1021,350,861,545,963,1514,827,1123,940,976,1213,1692,991
679,1561,511,910,1252,912,1744,1191,1095,1513,1023,941,986,905,1391,1426,361
1744,1313,1125,852,905,727,1134,942,1067,1471,1191,950,1168,912,1111,1410,390
976,1060,418,962,1060,1545,1302,1709,1136,1563,1455,1166,733,921,1387,919,485
917,1541,413,1219,914,813,1578,1624,1066,1431,842,898,818,1019,1318,1677,297
756,1542,812,1419,892,1637,1237,887,1098,1348,1235,1057,1341,1119,1140,942,472
1035,1488,324,1222,1074,1724,1466,709,1123,1415,900,1133,832,1130,1251,1405,143
552,1170,480,1639,1439,1744,1130,594,989,1500,1043,1115,1377,1040,1290,926,540
1744,1744,1100,1085,993,253,812,654,949,1608,855,1158,845,914,1120,1703,991
745,1573,650,1008,1206,962,1610,1374,1080,1469,1000,922,974,945,1392,1457,361
888,1543,1029,1175,916,1744,969,809,1162,1211,1326,939,1453,963,1185,1041,472
1074,1183,545,889,901,1744,1023,1620,1129,1256,1560,1103,876,978,1372,1006,485
1715,1178,1240,878,782,1042,810,1177,974,1372,1260,968,1143,960,1249,1354,390
850,956,385,1079,1156,797,1730,1744,1076,1413,789,903,986,936,1234,1741,297
1744,1674,1238,1170,830,362,899,543,974,1504,855,1041,1014,929,1166,1644,991
1164,1257,415,1243,864,1726,1336,846,1203,1266,947,1135,863,1114,1307,1445,143
555,1076,560,1684,1350,1744,1289,505,1090,1557,1075,961,1448,883,1354,908,540
664,1530,742,1075,1343,831,1622,1302,1008,1235,990,869,1122,978,1277,1678,361
665,1479,715,1264,891,1726,1336,809,1123,1468,1127,1025,1216,1014,1140,1114,472
1000,880,607,994,1020,1549,1195,1744,1083,1352,1531,1176,845,969,1448,876,485
934,1432,355,1131,1011,901,1676,1588,1065,1320,867,927,935,988,1243,1744,297
515,1108,515,1697,1445,1744,1212,603,1081,1518,1016,1046,1321,951,1363,984,540
1744,1726,1106,1048,1054,276,876,668,944,1628,948,1126,780,1006,1167,1643,991
1619,1382,1159,1000,987,981,1032,1017,996,1440,1210,924,1185,960,1220,1345,390
962,1334,423,1331,1167,1700,1567,667,1183,1424,972,1130,664,1128,1404,1375,143
793,1486,862,1324,767,1657,1149,874,1206,1282,1467,837,1455,1002,1113,918,472
677,996,760,982,1374,1202,1645,1463,1048,1512,819,939,1065,917,1268,1654,361
858,1312,344,1033,1152,864,1743,1639,1179,1328,901,915,930,959,1295,1723,297
1074,1094,613,977,906,1568,1071,1744,1041,1527,1537,1093,775,950,1300,1057,485
576,1221,485,1695,1554,1744,1019,618,1019,1590,1076,1029,1384,886,1376,903,540
1744,1686,1210,941,1107,303,818,598,931,1513,874,1093,882,968,1257,1676,991
1688,1397,892,956,1015,855,1123,1025,1037,1459,1278,831,1244,923,1103,1405,390
1185,1403,445,1276,896,1301,1564,674,1215,1469,919,1191,723,1050,1371,1342,143
696,1663,804,1276,905,1686,1215,814,1129,1356,1415,911,1456,913,1104,996,472
760,1036,779,1125,1379,1238,1492,1450,1012,1409,982,894,1081,953,1339,1580,361
949,1075,518,1034,938,1033,1741,1702,1039,1308,921,922,993,919,1308,1713,297
677,1139,503,1699,1202,1744,1012,694,1032,1342,964,1104,1402,1109,1413,914,540
1744,1653,1076,1056,945,448,947,687,958,1581,906,1067,903,905,1142,1685,991
1744,1479,1199,972,810,760,933,798,1086,1461,1076,1003,1074,880,1241,1459,390
989,875,770,888,942,1598,1114,1744,1097,1245,1629,1135,890,1017,1438,827,485
915,1285,526,1281,998,1667,1487,759,1154,1394,812,1185,754,1078,1473,1361,143
794,1675,725,1266,926,1708,1122,728,1127,1301,1326,1039,1254,1053,1224,956,472
660,1276,562,1668,1328,1744,1109,518,1037,1496,1025,1157,1363,1036,1317,849,540
810,1379,409,1197,950,749,1744,1655,1156,1317,879,1052,852,944,1418,1634,297
605,1317,797,933,1305,1235,1574,1355,1049,1335,784,1038,1011,986,1417,1606,361
1744,1493,913,953,720,751,1128,886,1163,1398,1129,990,1035,940,1214,1411,390
1744,1616,1171,1047,979,370,801,584,961,1489,979,1112,1000,932,1163,1604,991
1279,1366,411,1397,1198,1677,1125,770,1087,1360,934,1038,863,1065,1327,1544,143
906,861,625,1061,1083,1458,1239,1744,1104,1378,1421,1237,752,1070,1480,838,485
543,1211,496,1685,1237,1744,1231,607,1145,1441,1100,983,1358,891,1351,1011,540
776,1571,710,1239,1013,1741,1221,852,1052,1338,1426,1061,1350,995,1112,940,472
1021,1336,325,1062,1135,673,1744,1665,1106,1336,931,889,879,1023,1292,1715,297
1744,1529,1166,1225,946,316,857,663,924,1502,892,1100,935,933,1181,1732,991
933,897,462,1427,1233,1597,1563,871,1138,1267,856,1171,817,1092,1476,1462,143
892,926,1146,905,1488,830,1503,1514,933,1381,841,946,1207,905,1242,1681,361
454,1329,574,1677,1397,1744,868,666,1066,1402,1139,1015,1540,987,1161,959,540
939,764,908,865,1065,1594,1258,1707,1097,1418,1508,1190,845,1009,1362,831,485
1686,1270,1065,1059,812,1045,1156,944,1125,1500,1106,966,1010,864,1140,1564,390
767,1655,803,1204,933,1730,1136,820,1106,1348,1314,940,1454,1050,1083,985,472
935,1188,438,1103,940,931,1588,1628,1185,1343,838,949,753,988,1363,1703,297
498,1231,473,1693,1451,1689,1131,623,1120,1490,1026,976,1381,967,1359,961,540
813,1348,472,1061,1379,933,1604,1480,995,1283,934,1014,1006,1047,1298,1668,361
1744,1570,1192,1114,1199,260,915,551,946,1540,786,1175,827,1004,1105,1744,991
1081,1104,392,1299,1016,1695,1593,685,1234,1491,873,1188,663,1173,1503,1155,143
1722,1441,1073,841,928,824,1219,880,1125,1410,1151,913,1101,860,1315,1405,390
690,1650,725,1341,988,1741,1051,776,1099,1428,1208,1038,1215,1151,1162,979,472
1092,1162,620,835,898,1552,1163,1679,1031,1408,1543,1128,743,1029,1351,1047,485
884,1422,452,1089,1059,639,1682,1646,1089,1410,832,935,817,964,1333,1744,297
571,1316,457,1743,1245,1744,903,688,1113,1318,1084,1086,1396,1025,1248,1010,540
1744,1067,1148,1018,834,837,1129,1252,1062,1417,1199,911,1129,957,1170,1435,390
543,1076,745,1052,1431,1318,1466,1582,1011,1375,911,905,1077,1036,1290,1626,361
1742,1736,1150,1130,985,153,889,806,1015,1452,903,1027,1015,928,1129,1718,991
1166,1266,521,1369,1005,1587,1320,771,1106,1363,988,1123,754,1188,1428,1330,143
830,1518,917,1171,929,1661,1221,809,1096,1447,1389,1007,1313,991,1145,863,472
971,1337,382,1056,1006,995,1614,1608,1142,1452,911,951,838,941,1355,1617,297
1054,949,578,935,899,1706,1083,1718,1085,1396,1452,1160,825,985,1403,974,485
634,1314,481,1659,1385,1744,1067,498,1124,1599,1023,1092,1210,994,1435,803,540
723,1284,778,963,1174,1086,1607,1352,1051,1251,921,885,1136,947,1383,1672,361
1744,1350,1337,1125,1026,373,817,581,936,1488,661,1126,910,1034,1180,1720,991
1702,1453,1040,937,753,1086,936,1082,1123,1450,1265,976,1085,837,1190,1354,390
1053,944,720,864,901,1655,1231,1652,1054,1519,1445,1138,776,920,1259,1169,485
714,1525,440,1149,940,854,1724,1644,1146,1463,995,920,766,1035,1367,1567,297
649,1501,780,1345,996,1652,1266,898,1116,1344,1313,961,1363,1080,1188,915,472
1036,1427,619,1012,1189,981,1499,1504,1046,1176,984,942,1047,1012,1195,1708,361
590,1240,555,1651,1189,1744,1174,673,1100,1424,1095,1006,1443,872,1369,971,540
971,1180,559,1304,1002,1659,1507,797,1146,1374,784,1279,672,1098,1487,1440,143
1744,1744,1206,1143,1101,388,754,568,888,1481,1083,1007,1037,943,1097,1706,991
1654,1224,1106,977,840,981,1167,1017,1033,1470,1095,959,1150,995,1190,1388,390
890,1550,375,1054,990,745,1695,1685,1001,1326,947,866,1065,904,1159,1744,297
704,1722,730,1218,851,1719,1265,684,1114,1415,1343,978,1410,913,1040,1067,472
1045,897,777,739,890,1717,1103,1663,1138,1328,1580,1044,823,958,1373,1021,485
664,1173,758,1054,1244,1086,1647,1404,1041,1250,891,987,1021,990,1484,1527,361
996,912,612,1292,1076,1669,1575,799,1015,1445,1041,1114,790,1162,1354,1359,143
1744,1744,1155,1077,942,285,940,408,952,1505,937,1130,911,968,1188,1636,991
1744,1536,1175,875,972,696,973,960,1020,1515,1314,947,1163,837,1123,1361,390
552,1279,496,1661,1386,1690,1023,735,1090,1478,1073,1014,1359,1007,1288,971,540
990,1356,558,972,979,737,1609,1718,1055,1326,929,898,960,945,1269,1672,297
945,981,716,940,895,1706,1126,1722,1078,1453,1459,1168,848,943,1339,992,485
857,1707,779,1322,928,1724,1107,707,1127,1331,1304,1023,1266,1118,1198,913,472
852,1170,847,1050,1108,808,1580,1595,1038,1192,759,961,1089,957,1346,1725,361
1744,1617,1120,1078,942,451,953,576,905,1594,828,1122,882,963,1185,1734,991
573,1043,490,1602,1562,1744,1150,422,1139,1427,904,1150,1298,995,1304,1063,540
1710,1318,963,897,962,1102,1336,827,1078,1549,1148,930,1090,950,1210,1325,390
717,1606,811,1369,1051,1736,1009,675,1201,1362,1229,1048,1321,1047,1183,889,472
1180,1167,382,1277,893,1729,1553,705,1197,1277,800,1263,788,1132,1469,1354,143
958,1245,462,1001,944,978,1625,1715,1074,1334,933,958,899,924,1282,1744,297
1184,1142,733,945,917,1274,1127,1736,1164,1372,1560,1089,800,978,1449,868,485
578,1177,540,1690,1315,1644,1298,586,1162,1431,987,1035,1339,901,1475,950,540
1744,1658,1424,985,1019,273,820,552,862,1492,791,1196,944,971,1137,1730,991
827,1277,814,988,1429,937,1391,1421,1005,1332,815,880,1092,1058,1289,1733,361
