l5e1,l5e2,l5e3,l5e4,l5e5,l5e6,l5e7,l5e8,l7e1,l7e2,l7e3,l7e4,l7e5,l7e6,l7e7,l7e8,maj_class
1639,932,1646,834,1085,988,1068,726,1020,1279,997,940,1339,926,1299,1480,957
1375,1600,1042,1090,1277,880,1209,703,1000,1542,1146,971,1195,919,1242,1228,947
1218,993,1410,965,1075,1429,1236,954,1052,1438,1430,875,1246,882,1220,1137,709
1429,1182,1413,790,1169,1010,1230,948,995,1330,1561,936,1154,932,1156,1216,917
1131,1059,711,1083,1206,1021,1626,1396,1016,1422,1014,979,974,931,1355,1589,297
1112,933,1266,980,1337,1435,1087,1066,966,1456,1318,952,1258,923,1241,1158,887
974,1249,1187,968,1385,1418,927,1172,1023,1242,1627,880,1271,880,1151,1197,762
1486,1334,1037,751,1145,1399,1255,824,1019,1329,1648,836,1276,776,1149,1216,916
915,1086,740,1167,1158,1744,1194,954,1197,1435,1006,963,1108,961,1388,1222,148
1123,1044,1201,946,1214,1330,1214,1098,1035,1346,1348,976,1282,967,1283,1043,879
1012,1242,942,1060,1207,1667,1237,828,1092,1491,1231,918,1222,913,1237,1176,472
1271,1247,943,1162,1169,1324,1327,836,1063,1419,1046,944,1068,864,1433,1443,307
1234,1486,809,1092,1105,1058,1544,844,1171,1597,1202,976,1009,900,1189,1228,14
1194,1102,732,1139,1215,1470,1506,862,1110,1496,1028,996,917,1015,1330,1388,143
1545,1078,1169,1029,1075,966,1315,874,1140,1298,1196,1005,1180,890,1299,1272,28
1157,692,1200,888,1415,1163,1478,1287,1040,1337,1110,911,1211,920,1244,1507,333
894,1180,714,1501,1142,1701,1245,845,1056,1460,1018,1065,1368,946,1207,1160,724
991,838,865,935,1305,1476,1644,1160,1083,1550,1070,971,1207,895,1275,1229,207
1127,959,915,848,1191,1427,1336,1477,1077,1486,1383,1042,942,896,1326,1128,485
1565,1174,939,952,1002,1038,1235,1241,1086,1381,1076,984,1033,990,1299,1412,36
917,1136,694,1397,1296,1646,1134,834,1072,1488,1125,979,1228,899,1319,1170,540
873,1316,1036,1401,1089,1253,1214,1098,992,1497,1309,884,1451,837,1188,1122,444
971,1596,800,1191,1192,1199,1350,968,1093,1552,989,946,1016,850,1434,1379,351
1035,622,912,1254,1512,1247,1577,1088,1125,1465,1165,1053,1007,946,1546,971,902
1000,1131,971,1222,1125,1628,1011,1103,966,1345,1498,949,1189,965,1132,1236,564
839,1458,1166,1414,1295,1170,1140,798,924,1364,1553,786,1521,874,1017,1218,645
1073,1110,711,1050,1275,1286,1492,1238,1006,1339,1087,939,1101,930,1284,1563,361
1553,1402,1309,930,1071,996,1133,851,1097,1327,1011,962,1292,773,1141,1640,945
1654,1252,1197,977,1173,730,1072,752,995,1460,933,1042,995,986,1209,1557,991
1359,1576,1217,1152,1203,833,1141,703,1010,1458,1455,876,1360,776,1016,1306,947
1023,1126,1156,1026,1066,1196,1459,1202,1063,1423,1086,938,1338,942,1268,1222,180
1492,755,903,1124,1305,1375,1414,912,1033,1448,1468,952,1168,920,1279,994,783
1588,1037,1204,911,1086,1079,1145,1082,1073,1440,1168,823,1172,938,1211,1448,390
1342,1179,1554,1179,984,1031,981,1030,1037,1245,1482,1043,1173,961,1200,1139,917
1161,521,1155,978,1376,1456,1415,1136,1150,1221,1157,974,1273,788,1372,1345,333
881,1329,635,1291,1113,1106,1506,1406,1153,1366,1109,944,1042,888,1265,1513,297
991,1157,606,1387,991,1709,1194,858,1237,1398,1038,973,1286,911,1389,1048,148
829,1284,1177,1345,1269,1471,933,963,1120,1326,1435,948,1338,847,1284,982,887
1007,1368,1240,1369,1095,1391,1062,693,1151,1250,1406,855,1482,887,1273,974,879
1356,1498,1144,683,1499,1179,1308,594,1070,1109,1713,879,1346,772,1220,1036,916
921,1406,1039,1170,1047,1355,1377,876,1096,1457,1429,957,1307,926,1121,987,472
1038,975,1336,1325,1085,1349,1197,975,1066,1373,1425,907,1150,978,1319,1062,709
762,1444,863,1327,1292,1130,1367,902,1172,1530,1160,919,1172,724,1402,1201,351
1066,1459,1167,1317,1124,1347,796,982,1026,1266,1567,991,1236,885,1114,1188,564
975,1578,1108,986,1342,1272,862,1012,1061,1317,1593,867,1283,815,1089,1236,762
1607,897,1039,1169,957,1061,1081,917,1219,1146,1191,969,1276,776,1203,1386,28
928,1687,1325,1458,1080,743,1016,825,1019,1324,1556,835,1384,919,1059,1179,645
969,1715,764,1319,1041,816,1499,746,1211,1577,1252,994,1100,822,1173,1151,14
825,1330,896,1079,1248,914,1629,1158,1069,1565,1104,1004,1420,824,1141,1153,207
1655,1518,1111,1336,963,784,991,588,1044,1376,1100,1016,1159,904,1234,1447,991
1152,1195,835,1358,1045,1460,1247,831,1113,1358,1047,1131,867,1134,1425,1205,143
1110,863,1018,1196,1122,1495,1159,1169,1107,1383,1412,1042,1117,880,1307,1032,485
625,1465,959,1647,1053,1157,1180,986,1137,1494,1385,903,1422,901,1235,786,444
1189,1243,774,1264,1229,1228,1432,893,1044,1467,1186,1010,1127,908,1305,1233,307
719,1176,950,1282,1162,1622,1277,1017,1190,1328,1105,994,1268,943,1283,1169,148
1660,1389,1044,997,1063,917,1229,813,1128,1408,1256,952,1106,878,1276,1276,390
1498,1076,1547,899,939,1016,1148,870,1035,1236,958,985,1299,1029,1269,1434,957
1486,1211,1405,1047,929,1024,1016,868,1072,1197,1615,1013,1184,944,1221,954,917
815,1352,929,1518,1142,1525,947,946,1112,1402,1012,1095,1400,936,1123,1200,724
1529,1416,1012,1170,1015,1154,947,1010,1076,1339,1213,950,1196,931,1162,1369,36
1057,1274,938,1020,1300,906,1472,1232,1029,1340,856,909,1311,911,1239,1626,361
1428,1259,1179,831,1279,1255,1264,771,998,1302,1660,809,1375,735,1068,1227,916
1399,1374,1467,995,1178,848,985,926,990,1243,956,857,1552,821,1117,1657,945
1492,1616,1101,1174,1203,799,1025,699,1069,1416,1483,888,1312,819,1220,1073,947
1034,1497,1066,1162,1080,1478,1161,787,1156,1419,1178,1029,1264,960,1162,1112,472
1232,1099,792,1341,1200,1320,1320,796,1181,1488,1420,1057,999,866,1403,853,783
1065,1110,1220,1209,1384,1028,1269,990,1083,1456,1400,1109,1024,921,1302,985,902
1046,1448,1428,1454,975,1050,901,921,1111,1290,1425,974,1394,911,1109,1066,879
969,1337,1455,1168,1188,1148,933,965,1001,1305,1475,924,1413,847,1136,1179,887
939,1076,1226,1134,1255,1135,1316,1199,1085,1346,1159,878,1518,909,1188,1197,180
882,1659,602,1321,1015,1072,1556,888,1189,1454,989,1109,999,875,1196,1469,14
782,1744,617,1308,1082,754,1555,1202,1055,1509,1197,953,1010,914,1203,1439,297
1006,878,1208,894,1438,1196,1307,1353,1053,1336,1091,979,1306,934,1253,1328,333
528,1247,813,1538,1311,1501,1189,811,1138,1347,1261,924,1433,911,1337,929,540
1006,1567,731,1318,1215,1093,1320,839,1179,1457,1009,1069,1011,919,1458,1178,351
978,1054,752,1045,1084,1661,1217,1268,1203,1307,1049,922,1352,965,1234,1248,148
855,1564,1051,1122,1464,1219,822,1089,1054,1261,1563,904,1260,892,1067,1233,762
1590,913,1733,994,1325,746,1007,698,1056,1141,880,995,1373,882,1334,1604,957
1322,1479,965,1137,982,1021,1217,1013,1041,1317,1138,826,1277,869,1193,1619,307
1532,1121,760,1239,900,1201,1302,1074,1154,1436,925,1118,960,1031,1278,1378,36
897,1313,833,973,1354,960,1559,1254,1122,1428,1124,893,1415,803,1216,1279,207
1303,1417,895,1187,1120,1223,1199,823,1034,1441,1170,1129,944,1036,1195,1331,143
1548,1559,1289,1070,924,838,915,830,1071,1141,1135,1006,1353,857,1171,1466,945
1489,1551,1131,1152,1011,788,1094,772,1010,1566,1161,967,1073,933,1110,1440,991
1166,1053,1174,1081,1289,1592,1071,818,1082,1473,1294,1071,1149,985,1190,1036,887
1098,705,1100,1507,1252,1218,1215,1185,1048,1453,1369,1053,1148,888,1309,976,902
1201,1016,1255,996,1119,1443,1410,742,1038,1541,1465,1066,1162,873,1080,1055,709
896,1167,1096,1108,1097,1333,1474,1045,1147,1460,1138,986,1308,987,1194,1060,180
759,1488,937,1558,1049,1155,1054,1197,1052,1467,1213,939,1502,829,1237,1041,444
973,1312,752,1000,979,1476,1156,1556,1063,1384,1432,1021,1039,873,1266,1202,485
953,1696,691,1399,895,1268,1447,703,1236,1503,1229,1084,955,971,1244,1031,14
1396,1636,966,1169,1258,844,1093,721,1124,1563,1211,908,1192,850,1173,1242,947
801,1490,1150,1370,1204,1290,1250,605,1120,1421,1385,980,1298,955,1159,962,645
767,814,1367,890,1345,1324,1441,1332,1095,1269,1121,932,1325,825,1257,1430,333
1467,1574,856,827,982,1300,1172,862,1030,1269,1673,860,1316,820,1057,1141,916
1183,1563,766,1058,1023,1270,1350,1067,1139,1257,1138,1002,1035,1054,1351,1304,361
1612,1616,898,1173,857,818,1255,792,1267,1359,1213,1137,1061,837,1225,1181,28
832,1364,699,1640,1159,1568,1058,708,1131,1471,988,1059,1329,1002,1224,1076,724
1555,1190,1664,990,1090,720,857,961,1061,1217,1508,969,1249,964,1148,1156,917
1417,887,913,1223,944,1551,1329,965,1144,1441,1431,952,1268,753,1098,1076,783
998,1374,975,1307,1255,1455,918,948,1048,1182,1598,977,1337,907,1066,1165,564
1481,1499,1166,966,1001,1010,1086,925,1064,1371,1095,943,1258,1011,1141,1397,390
731,1184,764,1495,1246,1515,1259,898,1102,1552,1121,941,1417,806,1191,1150,540
706,1594,795,1394,1028,988,1469,1127,1165,1615,885,1018,1045,787,1481,1284,351
1064,1436,982,1075,983,1597,1297,792,1091,1431,1260,999,1366,871,1107,1155,472
962,1347,799,1089,980,1186,1566,1351,1169,1338,1189,959,1125,846,1241,1413,297
849,960,1045,1199,1167,1652,1253,1027,1137,1294,1101,1017,1347,886,1292,1206,148
1066,1586,1095,1238,1274,1127,817,969,1038,1280,1583,917,1305,886,1155,1108,762
1314,1168,911,879,1387,1437,1397,787,980,1148,1693,898,1528,737,1141,913,916
992,1408,1069,1347,1166,1288,969,830,1038,1409,1269,998,1266,951,1204,1145,879
1093,1061,714,1362,1138,1447,1448,922,1040,1466,1021,1108,1039,972,1288,1346,143
1478,968,1712,883,1097,1180,1086,702,1029,1309,1044,987,1364,933,1234,1380,957
837,1091,671,972,1513,1213,1646,1266,1133,1483,1054,984,1260,875,1251,1240,207
891,1195,729,1108,1067,1554,1086,1424,1149,1485,1361,987,954,865,1405,1074,485
845,1014,1480,1198,1387,1176,1064,1115,1031,1440,1458,1009,1311,823,1207,1001,887
1602,1457,1011,1062,905,1119,1232,785,1073,1265,1307,877,1198,854,1232,1474,307
1618,1476,1245,1100,1193,565,1127,799,1008,1494,1185,1044,1089,859,1276,1325,991
1402,1197,972,1226,1191,1065,1106,1017,1081,1337,1109,1033,1274,878,1154,1409,28
1058,786,1253,1348,1180,1408,1303,872,1079,1391,1484,981,1196,873,1291,985,902
1467,1284,1471,979,1006,930,954,863,987,1230,1024,956,1314,874,1158,1591,945
1360,1577,1057,1118,854,801,1323,882,1120,1541,1240,1050,1030,930,1105,1232,14
830,1132,1085,1103,1304,1083,1464,1279,922,1376,1073,853,1316,863,1070,1669,361
1702,1111,1128,957,879,1057,1154,1098,1061,1258,1246,956,1213,900,1141,1505,36
863,1274,1274,1671,926,1311,885,1059,1047,1454,1167,978,1405,837,1267,1125,444
865,1316,1195,1113,1117,999,1546,1104,1116,1369,1196,947,1330,955,1336,1031,180
1097,891,1004,1049,1419,1304,1429,1087,1028,1342,1285,1019,1337,875,1235,1154,333
888,1483,1155,1247,1309,1065,1112,892,984,1409,1278,886,1437,884,1133,1269,645
848,1385,907,1390,1148,1491,1092,947,1144,1298,1490,1006,1218,936,1120,1068,879
1363,940,1380,1036,895,1436,1297,796,1081,1343,1573,998,1204,889,1238,954,709
695,802,968,1306,1297,1589,1252,1048,1134,1399,982,1138,1227,926,1345,1129,148
726,1687,752,1362,1272,1023,1202,1038,1107,1512,1013,965,1057,934,1355,1337,351
866,1404,859,1172,989,937,1705,1314,1110,1390,1143,915,1082,885,1280,1431,297
1215,989,997,1259,1082,1495,1353,818,1093,1387,1579,992,1144,960,1275,850,783
840,1525,1123,1318,1058,1513,902,787,1071,1271,1603,1013,1186,1002,1105,1017,564
833,1433,1053,1171,1357,1457,901,1011,1064,1385,1552,946,1272,874,1131,1052,762
609,1204,757,1567,1466,1503,1198,878,1010,1462,1097,1034,1427,943,1230,1077,540
621,1295,870,1616,1373,1539,947,906,1019,1437,1127,945,1586,865,1027,1264,724
1250,847,741,1130,947,1483,1402,1449,1186,1376,1285,1047,990,923,1381,1092,485
926,1461,981,1227,1048,1247,1448,914,1059,1472,1084,909,1191,899,1224,1442,307
963,1314,774,1270,1242,1532,1380,770,1108,1285,1015,1079,924,1169,1366,1334,143
673,1147,967,924,1231,1277,1533,1387,1157,1307,1191,874,1480,836,1153,1282,207
1552,1432,1054,1038,1068,875,1127,1100,1011,1378,1189,967,1236,937,1149,1413,390
1454,1471,1449,1113,975,994,848,927,1054,1219,1139,958,1425,767,1140,1547,945
784,1378,998,1067,1233,908,1529,1370,1011,1400,1072,927,1256,914,1278,1422,361
1392,1276,1036,804,1240,1464,1155,913,950,1202,1670,914,1363,687,1136,1187,916
1289,1554,1083,1143,1275,779,1252,784,978,1574,1413,926,1281,864,1074,1154,947
1124,1744,727,1373,1033,762,1168,720,1246,1399,1158,1063,1128,858,1163,1265,14
1641,1347,1297,1221,1093,712,865,768,1069,1383,1025,1063,1117,940,1185,1498,991
730,1459,1026,1322,984,1539,1299,921,1129,1505,1226,1103,1222,918,1122,1047,472
1260,935,1319,1087,1120,1388,1064,1066,1062,1149,1445,1008,1350,933,1270,1063,887
1523,1184,1363,1237,874,1033,1150,892,1162,1243,1110,1056,1113,898,1232,1466,28
790,1698,1169,1441,978,1231,995,731,1002,1263,1465,874,1412,936,1056,1173,645
1172,1019,1119,1285,1062,1042,1331,1239,1090,1328,1375,981,1148,1000,1283,1075,902
1172,1260,1137,1245,1003,1323,1052,1059,1039,1309,1439,1003,1238,829,1255,1153,783
767,1332,910,1221,1286,1284,1340,1117,1105,1485,1230,905,1278,914,1224,1139,180
1458,1213,1613,964,944,1220,992,745,1077,1213,1041,911,1262,921,1265,1567,957
622,1586,840,1602,929,1328,1260,1050,1084,1521,1180,1040,1299,929,1204,1023,444
904,1171,871,1162,1171,1604,1174,943,1168,1305,964,1004,1338,970,1265,1266,148
1506,1156,1473,886,1104,1081,1144,869,1007,1328,1649,1000,1174,868,1041,1104,917
714,1691,871,1171,1295,1036,1437,1013,1117,1554,825,1031,1110,846,1427,1366,351
1071,934,1443,838,1293,1163,1298,1231,949,1181,1366,925,1428,862,1231,1338,333
974,1056,1018,1187,1130,1528,1436,921,1061,1519,1177,1060,1121,999,1313,1030,709
766,1462,1116,1302,1227,1458,879,1016,1037,1303,1589,1030,1255,883,1073,1097,564
796,1602,1143,1116,1340,1313,886,1084,1058,1230,1621,942,1342,814,1101,1136,762
746,1578,822,1164,1218,859,1567,1235,1168,1488,1046,840,1037,1005,1267,1398,361
749,1533,958,1087,1251,1037,1557,984,1183,1446,1234,854,1391,831,1367,974,207
785,1275,978,1181,1286,1513,1201,1007,1111,1402,1200,1079,1263,997,1219,1009,879
1507,919,1039,1211,1055,1089,1052,1376,1085,1400,1089,981,1111,989,1280,1305,36
1092,1572,1365,1026,1327,789,1173,773,1054,1219,1246,910,1510,720,1100,1521,945
988,1222,561,1062,985,1482,1059,1642,1146,1292,1426,1072,990,965,1427,962,485
875,1744,870,1341,1013,776,1431,780,1172,1574,1270,971,1203,832,1084,1120,14
936,1557,875,1326,1062,1361,1320,752,1189,1319,1142,1007,1134,956,1331,1202,143
1595,1413,1090,1036,977,1076,1001,1049,1144,1321,1368,931,1238,1024,1164,1090,390
924,1526,826,1079,1002,890,1450,1485,1087,1321,1060,937,1062,935,1239,1630,297
806,1291,822,1677,1090,1629,1011,826,1141,1386,1092,1067,1302,994,1196,1102,724
832,1068,821,1609,1183,1722,1016,773,1082,1486,1102,1030,1280,971,1274,1055,540
805,1450,1206,1404,948,1285,1139,988,1076,1402,1308,990,1423,897,1131,1053,444
1215,1485,1020,1245,980,1167,1378,757,1126,1283,1224,896,1171,928,1296,1356,307
1041,837,1008,1129,1188,1649,1241,963,1179,1406,991,961,1210,1000,1347,1186,148
740,1560,1304,1397,1268,1052,926,1026,981,1369,1567,946,1393,1018,927,1045,645
1365,838,896,1314,1153,1226,1406,1061,1050,1388,1404,963,1101,902,1324,1148,783
1517,1279,1720,941,971,786,1284,607,1142,1294,1099,933,1265,877,1291,1379,957
1054,1171,1021,1076,1059,1098,1548,1248,1124,1378,973,904,1198,948,1373,1382,180
1207,1487,1218,1036,1193,1133,835,1159,1086,1299,1459,978,1179,887,1198,1151,762
704,1286,671,1326,1072,1652,1420,978,1107,1537,1205,958,1205,892,1415,961,472
1680,1459,1076,1177,997,1078,945,649,1005,1463,994,1133,940,935,1263,1538,991
908,663,1053,1297,1591,1165,1339,1229,1208,1400,1235,1193,1052,982,1419,791,902
1037,1276,1339,1090,1063,1452,1074,895,998,1319,1486,950,1304,905,1185,1133,887
1192,900,1232,1055,1319,1405,1307,870,990,1425,1548,981,1218,940,1304,874,709
1520,1739,1184,1167,1034,510,1013,732,1094,1427,1485,878,1270,893,1123,1099,947
1620,1429,1106,1210,838,802,881,1129,1214,1157,1227,1053,1179,911,1138,1393,28
901,1051,1331,930,1402,1060,1293,1283,1069,1230,1295,866,1385,866,1238,1331,333
953,1151,821,958,1417,1064,1722,1050,1240,1499,1189,923,1244,833,1245,1107,207
1033,1274,1136,1243,1106,1370,1108,1010,1089,1381,1455,941,1382,924,1161,947,879
996,1132,787,1327,1086,1744,1358,743,1131,1426,1166,1052,979,1000,1305,1221,143
1357,1348,1112,832,1324,1189,1264,848,1092,1218,1622,842,1389,774,1147,985,916
1306,1375,654,1091,1084,1103,1529,1118,1128,1420,1173,1049,895,971,1317,1327,361
761,1569,724,1255,1040,1495,1329,861,1099,1492,939,1191,981,904,1519,1155,351
1584,1262,1621,918,910,865,1012,853,1083,1228,1529,949,1197,923,1182,1155,917
847,1233,896,1203,1319,1473,1122,1159,952,1273,1582,965,1270,1019,1210,980,564
1479,1502,1135,1038,1033,960,1082,1043,1126,1488,1197,987,1134,845,1137,1339,36
1633,1252,916,1251,1014,973,1181,1000,1041,1478,1522,1126,1122,819,1233,921,783
803,1495,1343,1114,1407,1178,831,1109,1087,1311,1477,926,1276,898,1173,1081,762
695,1153,842,1349,1316,1692,1230,774,1078,1495,1176,1050,1235,936,1328,937,540
689,726,1063,1394,1313,1545,1368,1079,1125,1460,1383,1137,1084,905,1485,695,902
1600,1509,1512,969,1032,895,888,671,1152,1183,1194,964,1371,816,1163,1437,945
1200,1593,743,1533,908,1024,1206,851,1176,1398,1306,980,1140,850,1207,1223,14
1358,1265,1544,1149,1142,793,1015,842,1023,1351,1080,1096,1219,976,1265,1270,957
1618,1498,1245,973,979,880,1105,833,1062,1436,1323,981,1137,1005,1148,1188,390
483,1277,1152,1548,1379,1236,1305,898,940,1367,1380,871,1475,980,1135,989,645
570,1401,847,1450,1292,1468,1239,980,1102,1461,1246,979,1340,934,1218,1000,444
787,1094,931,1289,924,1744,1283,1008,1197,1436,1334,1094,1155,994,1297,773,472
1568,1306,1041,1214,998,751,1274,934,1148,1217,1060,1069,1256,835,1237,1395,28
919,740,1481,896,1393,956,1606,1215,986,1379,1159,992,1421,872,1208,1263,333
643,1403,1176,1164,1202,1002,1509,1173,1135,1507,978,928,1361,913,1338,1080,180
889,1213,672,1109,1114,1030,1579,1562,1109,1373,1137,895,1209,830,1230,1471,297
1034,1345,717,1372,1169,1179,1540,842,1094,1387,1007,1067,1103,912,1383,1306,307
1061,1020,1319,1138,1285,1265,1128,1064,1065,1499,1581,923,1315,831,1110,855,887
994,1273,1173,1010,999,1349,1243,1216,1138,1327,1541,973,1076,912,1180,1058,485
757,1267,1401,1264,1157,1297,1136,919,1094,1326,1387,1032,1349,920,1153,1019,879
1474,1300,901,1006,1363,1272,1079,813,953,1153,1744,790,1588,663,1004,1210,916
1340,1308,724,1168,1141,1409,1217,846,1047,1250,1154,1058,1148,995,1344,1284,143
703,1301,886,1582,1234,1538,999,924,1158,1469,1140,942,1526,791,1205,1049,724
1140,1145,1390,1101,1010,1298,1349,782,1035,1552,1548,930,1076,897,1084,1106,709
774,800,1028,860,1638,1256,1728,1101,1000,1502,1145,1002,1375,930,1291,1035,207
1492,1190,1292,1150,952,1038,1083,878,1048,1472,1130,1049,1036,913,1270,1357,991
572,961,701,1301,1201,1744,1411,1123,1220,1409,983,1083,1200,928,1437,1020,148
1023,1243,654,1112,1213,1383,1530,1102,1090,1488,1058,1052,1046,868,1219,1459,361
1581,1281,866,998,1079,1329,1040,1100,1044,1412,1199,1020,1024,938,1196,1439,36
815,1484,1317,934,1397,1283,1026,1001,1033,1313,1546,1022,1157,831,1167,1202,762
1462,1396,1574,961,1198,987,891,737,1065,1280,1583,989,1220,867,1115,1161,917
772,1664,727,1274,1129,954,1558,828,1147,1633,935,1106,1058,1000,1211,1167,14
1370,1555,1411,1102,1124,739,1062,871,1070,1450,1346,885,1296,930,1082,1221,947
1117,1374,1040,1206,943,1578,951,976,1045,1154,1657,956,1229,981,1054,1173,564
983,1497,750,1206,1258,1236,1324,905,1177,1540,843,1012,1001,918,1447,1342,351
908,717,819,1360,1407,1411,1593,1013,1123,1612,1405,1109,953,849,1285,921,783
1413,1421,1380,1174,1171,969,1001,672,1041,1277,1265,914,1435,846,1250,1252,957
712,1003,756,1356,1628,1119,1664,1007,1162,1474,1168,1048,996,1071,1535,826,902
1624,1417,1102,1048,1020,1036,1132,779,1121,1454,1283,876,1181,873,1182,1310,390
851,1061,967,1405,1246,1666,1166,777,1080,1321,1321,1004,1319,856,1209,1170,540
1519,1085,1086,1302,933,963,1106,951,1226,1234,1225,1026,1095,796,1245,1366,28
1436,1504,1340,910,1166,1069,1005,743,1178,1372,961,922,1309,872,1241,1425,945
1554,1441,1132,1379,924,910,1062,666,1006,1415,1053,949,1164,937,1202,1529,991
1403,1432,707,1415,879,1339,1190,857,1020,1255,1203,910,1214,935,1267,1476,307
745,1651,813,1489,1006,1061,1326,996,1168,1527,1230,884,1452,794,1139,1044,444
1377,1407,1551,1106,953,950,941,929,1051,1195,1631,988,1229,952,1165,1063,917
983,1280,1178,1200,1160,1516,1107,804,1096,1346,1493,934,1275,959,1269,908,879
1336,1099,818,976,990,1541,1142,1283,1161,1356,1514,1120,884,953,1377,915,485
998,1250,1327,1279,1064,1469,877,1015,1031,1211,1546,855,1469,890,1071,1137,887
1137,891,1391,956,1342,1081,1382,1067,1032,1363,1537,884,1325,799,1051,1289,333
836,1329,1134,1231,1116,1152,1354,1128,1040,1505,1483,845,1390,788,1139,1090,180
1002,1181,936,1214,1138,1301,1218,1233,1087,1300,1041,921,1168,1002,1286,1475,361
1211,1378,848,1367,1067,1579,1068,756,1085,1424,1121,1028,982,1033,1324,1283,143
950,1737,848,1360,1212,650,1322,733,1233,1539,1067,1129,1018,985,1173,1136,14
1020,1121,872,1084,1065,1591,1574,863,1071,1555,1473,985,1100,850,1170,992,709
974,1543,889,1309,811,924,1515,1305,1034,1400,1174,949,1076,903,1169,1558,297
1573,1340,966,745,1319,1484,1224,547,1020,1270,1722,860,1338,716,1128,1062,916
701,1396,563,1584,1223,1540,1213,788,1114,1527,1137,986,1351,927,1089,1133,724
1419,1581,1152,1228,1244,906,975,662,1048,1331,1340,848,1393,915,1121,1284,947
792,1455,1345,1011,1383,1204,923,1120,1058,1337,1635,926,1232,778,1180,1058,762
755,927,626,1375,1046,1744,1356,936,1189,1428,1071,993,1188,962,1410,1039,148
734,1632,967,1612,1152,1046,1098,680,1021,1424,1610,850,1464,859,1054,974,645
1409,1714,655,1450,922,838,1219,824,1283,1205,1018,1024,1157,940,1254,1372,28
1738,1325,1667,1060,933,689,928,744,1052,1278,1229,875,1403,997,1201,1245,957
859,1408,1041,1324,1034,1630,1120,771,1107,1468,1442,950,1339,790,1068,1013,472
1395,1377,1150,1153,957,962,1180,1101,1122,1346,1401,1028,1121,867,1178,1217,36
589,1463,874,1640,1150,1195,1135,1107,1070,1527,1239,1022,1391,943,1323,757,444
696,1666,651,1640,1236,1488,1059,638,1109,1440,998,1115,1251,971,1298,1098,540
784,1144,817,1507,1291,1320,1350,1006,1082,1422,1257,1114,1076,1001,1377,951,902
884,1633,912,1375,1295,708,1193,960,1171,1486,1052,1013,1061,907,1409,1181,351
1519,1395,1342,989,942,792,1057,748,1053,1264,1112,947,1306,918,1214,1466,945
1591,1521,1054,1207,1225,736,894,752,1015,1435,1047,1139,968,1025,1372,1279,991
1133,1487,789,1224,1273,1063,1282,833,1111,1356,1121,1058,1127,968,1438,1101,307
878,1379,1159,966,1396,931,1507,986,1008,1583,1031,1008,1230,996,1279,1119,180
631,1236,780,1114,1140,1510,1651,1159,1167,1311,1118,994,1321,891,1337,1141,207
1329,1722,930,1329,863,839,1189,704,1112,1320,1218,1033,1245,956,1138,1258,390
991,1269,1518,1150,1081,1349,1041,825,1039,1393,1346,961,1373,874,1161,1133,887
1262,1175,698,1158,1095,1539,1447,832,1170,1431,960,1094,951,973,1333,1368,143
957,1305,1008,1272,1358,1308,1123,949,1057,1295,1585,1003,1122,1002,1138,1071,564
1404,1079,914,1361,1003,1237,1285,997,1101,1356,1485,1124,1061,965,1327,844,783
1314,1294,695,782,1207,1618,1472,852,1120,1272,1696,885,1411,666,1089,1023,916
1068,1394,1144,1534,909,1432,994,805,1164,1201,1451,953,1325,979,1170,1037,879
1372,1394,1323,1035,1116,1051,946,989,1026,1257,1592,1040,1138,1030,1268,924,917
1152,911,1117,1133,1143,1495,1295,1023,1064,1531,1418,965,1182,850,1262,995,709
1143,1158,1018,1073,969,1392,1243,1233,1113,1482,1311,1072,995,940,1302,1009,485
1031,1509,840,1088,1039,959,1502,1238,1088,1311,903,1011,1091,977,1327,1572,297
1081,1530,815,1334,975,1060,1503,819,1146,1660,1102,1026,1085,786,1125,1346,14
1653,1150,1147,1234,875,1033,1007,968,1165,1219,1310,967,1230,845,1197,1347,28
1130,1122,748,1125,1247,1151,1504,1196,1111,1350,891,987,1059,943,1403,1515,361
662,1170,716,1562,1201,1656,1310,746,1162,1301,878,1103,1309,1165,1306,1056,724
785,1509,1016,1229,1046,1513,1158,871,1065,1466,1342,890,1339,1031,1115,1032,472
1226,1419,923,1265,979,1094,1271,1049,1061,1484,1277,871,1251,900,1135,1301,36
677,1585,1204,1295,1199,1214,896,1031,1053,1311,1441,970,1297,915,1165,1128,762
1673,787,1666,979,1091,1160,973,831,995,1349,1109,893,1293,947,1249,1445,957
684,1681,1143,1447,1368,928,1126,698,958,1402,1499,822,1503,918,1057,1105,645
779,1744,714,1237,1091,1268,1418,883,1107,1594,920,1033,967,954,1543,1162,351
1347,1363,979,1162,1064,1152,1333,880,1077,1388,1268,896,1203,948,1188,1312,307
921,1316,1192,1083,983,1038,1435,1253,1076,1399,1253,874,1420,950,1158,1147,180
593,1593,1018,1635,957,1081,1159,1133,1067,1421,1431,899,1448,897,1145,972,444
1255,1619,956,1354,1170,849,1165,748,983,1583,1236,1056,1202,923,1164,1107,947
1477,1247,1315,1095,964,942,1280,960,1020,1344,1234,910,1205,983,1142,1440,390
1020,1224,1197,703,1245,869,1666,1268,1090,1341,1108,1024,1292,803,1247,1375,333
887,1054,765,1363,1265,1562,1123,981,1121,1379,1141,927,1340,893,1304,1150,148
982,1187,1233,1397,1322,1088,1071,982,1118,1451,1503,952,1271,783,1327,873,902
1533,1265,1219,1171,1087,696,1188,1119,1172,1319,1202,976,1241,806,1144,1420,28
1639,1332,1611,932,875,883,961,630,1102,1237,1127,1109,1240,892,1201,1372,945
1158,879,667,1287,1332,1432,1358,1078,1080,1448,1547,977,1209,788,1208,1023,783
1093,1037,1364,1228,1262,1189,1153,954,1001,1310,1294,939,1332,889,1143,1372,887
750,1218,1174,1319,1025,1584,1137,991,1126,1290,1406,980,1346,877,1173,1082,879
839,1450,909,1491,1033,1608,971,890,1040,1209,1468,1057,1228,903,1202,1173,564
734,983,1161,899,1275,1044,1695,1320,1097,1503,1139,885,1447,945,1121,1143,207
1644,1525,1453,1075,1052,543,916,637,1040,1451,962,1105,1004,958,1253,1507,991
950,1525,717,1146,1337,884,1363,1227,1031,1389,1211,892,1187,847,1258,1465,361
1101,1194,706,1241,1068,1544,1435,829,1125,1362,1069,1061,919,1041,1483,1220,143
1032,1058,870,989,905,1665,1100,1525,1091,1260,1404,986,1067,1000,1329,1143,485
1550,875,1565,901,982,1039,1062,832,1072,1189,1056,968,1333,944,1279,1439,957
840,1419,651,1210,1098,845,1659,1480,1144,1334,1185,859,1147,901,1179,1516,297
1069,786,1082,1098,1105,1635,1533,859,1116,1574,1491,981,1136,860,1236,886,709
791,1461,1159,1171,1263,958,1363,1070,1167,1402,1413,881,1406,790,1121,1100,180
911,1436,1071,1169,1020,1601,1200,848,1045,1379,1317,923,1285,1073,1234,1024,472
951,1126,907,1457,1336,1655,1139,630,1038,1445,1324,1059,1363,870,1191,977,540
1430,1207,1457,875,1105,1083,1112,987,1028,1332,1565,912,1167,905,1090,1237,917
1456,1333,988,930,995,1194,1104,1169,1011,1483,1116,982,1050,1001,1205,1432,36
1386,1325,784,863,1232,1497,1314,778,1068,1134,1540,880,1361,842,1172,1168,916
1170,699,1268,913,1292,1235,1543,1136,1121,1326,1170,1046,1311,902,1332,1072,333
874,1167,580,1479,1449,1487,1231,790,1019,1626,1038,1129,1275,976,1197,991,724
1677,1271,1097,1009,976,941,1240,940,1036,1375,1271,1011,1184,1025,1233,1145,390
1037,1409,1082,1229,1344,942,1171,1052,1075,1500,970,1056,1067,835,1388,1345,351
798,1685,874,1451,861,904,1592,843,1180,1612,1308,985,1178,742,1139,1119,14
1481,1540,1416,1055,1108,603,1010,796,1088,1173,972,994,1386,857,1150,1556,945
1058,1478,1005,1103,1122,1350,859,1256,1064,1264,1422,891,1278,882,1219,1260,762
707,1686,1242,1386,1295,826,1198,761,971,1436,1483,924,1299,1045,1060,1056,645
1254,1646,976,1288,1241,856,1130,790,1046,1354,1397,887,1253,782,1127,1434,307
829,1331,1031,968,1286,1103,1569,1044,1020,1416,1130,956,1403,995,1191,1169,207
1637,1200,1069,1210,1026,748,1280,990,1195,1321,1140,1037,1088,876,1264,1359,28
966,1339,555,1247,1104,1624,1320,725,1215,1250,1027,1131,1184,1011,1372,1090,148
983,1199,1453,1090,1288,1280,968,996,967,1167,1531,826,1619,819,1098,1233,879
746,1567,905,1497,1241,1132,1123,1028,1034,1470,1369,887,1402,895,1212,1011,444
1175,1479,1281,1214,1113,1243,797,938,1017,1160,1434,991,1369,850,1197,1262,887
1022,966,968,1230,1313,1196,1588,951,1189,1412,1284,1101,1059,894,1401,940,902
1337,1335,1593,930,1082,974,1116,884,1125,1400,1550,1017,1072,882,1131,1077,917
1547,1558,1070,999,1361,772,1073,792,1060,1350,1306,860,1231,919,1175,1379,947
975,1300,751,990,1330,987,1602,1131,1099,1437,1093,1010,1079,967,1330,1265,361
1610,786,1703,920,1222,841,1052,821,1085,1220,1008,910,1396,844,1297,1504,957
1214,1089,971,1492,1084,1390,1044,986,1039,1190,1509,1052,1264,862,1271,1064,783
1701,1472,1396,1008,1086,674,1017,667,1007,1441,959,1120,992,1018,1222,1510,991
875,1536,1142,1135,984,1451,1273,693,1187,1382,1300,1024,1294,944,1112,1037,472
1130,942,970,911,1152,1420,1197,1479,1077,1335,1490,1053,1092,957,1206,1070,485
1386,1230,772,1050,1133,1392,1411,810,1097,1399,1041,1105,959,1040,1286,1353,143
1113,1398,788,1045,929,896,1562,1373,1107,1355,1136,953,1039,915,1193,1582,297
1475,1368,1008,694,1347,1228,1181,923,1038,1133,1695,799,1518,617,1028,1129,916
1119,1155,1500,878,983,1472,1306,812,1013,1478,1356,993,1203,1005,1140,1092,709
1553,1180,1215,1036,982,914,1109,1192,1077,1362,1159,965,1242,856,1134,1485,36
1018,1597,1134,1134,1207,1229,862,1017,991,1088,1684,885,1365,953,1069,1027,762
1599,1418,1112,1347,1041,1026,1008,715,1185,1248,1215,1038,1203,813,1272,1306,28
872,1307,1195,1391,1218,1468,847,982,1028,1333,1475,946,1278,943,1042,1235,564
1447,1527,1448,1053,996,785,1027,738,1021,1148,1216,998,1457,937,1081,1389,945
1072,907,1744,997,1242,1288,836,935,1071,1367,1221,1010,1341,866,1213,1191,887
667,1527,1193,1092,1168,966,1435,1183,1048,1507,1030,902,1435,962,1149,1241,180
981,1717,1086,1402,1267,759,1178,688,1012,1359,1502,950,1374,955,1096,1027,645
948,1354,712,1464,1341,1619,1003,724,1142,1440,1186,1061,1335,819,1169,1128,724
1007,1545,664,1328,1159,1364,1212,875,1163,1532,843,1104,961,910,1501,1266,351
896,1373,858,959,1277,1015,1705,1146,1174,1457,1181,991,1231,870,1266,1110,207
689,1338,951,1355,1326,1582,1130,672,1105,1580,1128,1112,1223,864,1251,1015,540
1160,1615,655,1190,1150,1403,1344,567,1060,1362,1237,1019,1104,936,1182,1380,307
1264,1006,1525,1048,1122,973,1322,1020,1045,1294,1166,998,1273,943,1169,1392,333
983,1573,617,1419,993,1212,1447,674,1205,1585,1150,1033,1115,781,1236,1175,14
1578,1227,861,1045,1120,1234,1213,942,1092,1441,1201,1031,1214,888,1321,1092,390
568,1394,1037,1656,921,1442,1291,927,1091,1533,1308,973,1516,880,1144,829,444
1532,1737,995,1195,1079,704,1205,685,1046,1430,1169,1076,1132,938,1264,1225,947
1336,1043,944,1076,1195,1336,1392,958,1084,1221,1709,917,1274,911,1210,876,783
1260,1312,673,1184,957,1433,1113,1236,1138,1478,1404,1074,950,942,1249,1034,485
647,1191,1322,1239,1118,1650,1221,835,1086,1430,1348,966,1344,889,1173,1022,879
1115,1218,668,1106,1148,1038,1570,1341,1064,1408,1113,916,1082,903,1185,1609,297
992,999,1032,1353,1049,1445,1415,934,1078,1535,1334,1047,1108,939,1362,858,902
1098,938,1377,894,1003,1349,1508,969,1045,1412,1573,914,1210,863,1185,1075,709
663,1464,1211,1275,1048,1123,1499,997,1021,1379,1364,912,1551,830,1221,1002,180
1591,1132,1333,1197,916,953,892,804,1227,1061,1197,1062,1233,865,1243,1392,28
1518,1398,1239,837,1117,905,1282,984,998,1370,1597,964,1263,838,1112,1106,917
884,1438,647,1018,1330,933,1573,1219,1163,1610,1064,964,873,946,1334,1315,361
1525,963,1538,971,1315,971,1064,780,1043,1393,1111,1025,1122,1013,1312,1261,957
1010,1716,845,1283,843,1453,1055,833,1062,1458,1403,1037,1238,1001,1121,960,472
683,1457,573,1613,1266,1474,1212,788,1135,1407,1115,929,1409,965,1150,1170,724
1049,1740,776,1083,1264,1040,1426,778,1155,1479,997,1080,963,871,1484,1251,351
671,1100,964,1499,1313,1646,1019,1053,963,1339,1679,981,1359,912,1011,943,564
1269,1410,887,806,1351,1232,1403,892,1033,1334,1512,854,1357,775,1142,1066,916
1161,1119,829,1279,1091,1425,1251,900,1073,1351,1247,1017,1011,981,1321,1279,143
896,1230,1515,1136,1275,1361,936,924,1014,1266,1550,974,1491,890,1122,961,887
1128,1458,928,1360,1048,788,1374,851,1197,1505,1164,1065,993,863,1201,1292,14
670,1059,801,1254,1200,1705,1324,846,1174,1520,1111,945,1254,979,1274,1023,148
674,1570,1018,1502,1220,1057,1248,768,1023,1390,1512,913,1492,885,1011,1054,645
1326,1491,928,1325,1260,861,1155,748,1068,1495,1165,967,1253,827,1148,1357,947
1451,1371,1492,937,1117,1011,1161,721,1094,1312,1269,1030,1340,773,1115,1347,945
1693,1378,1416,1040,912,769,964,788,1012,1418,1014,1016,1144,957,1117,1528,991
660,968,938,1062,1346,1269,1571,1203,1093,1401,1259,973,1482,874,1194,1004,207
863,1497,1238,1248,1381,1121,848,1048,1039,1256,1694,891,1328,838,1126,1100,762
1080,705,1442,903,1156,1352,1402,1240,1100,1295,1245,940,1301,850,1279,1270,333
776,743,1130,1180,1548,1188,1525,1121,1221,1403,1068,1135,1057,975,1448,973,902
1242,1546,964,1191,981,1242,1256,771,1079,1343,1106,1099,1070,949,1357,1277,307
1476,1369,766,1265,1051,985,1334,1031,1102,1402,1197,1003,1054,947,1319,1256,36
1079,1333,877,1240,752,1295,1174,1454,1060,1443,1431,1091,979,941,1293,1042,485
1517,1132,988,1200,1054,958,1122,986,1103,1453,1293,990,1129,889,1193,1230,390
1524,1480,888,776,1173,1406,1179,796,1128,1249,1744,803,1331,648,1048,1086,916
753,903,1076,1079,1326,1355,1459,1227,1147,1381,1169,932,1217,1022,1222,1164,180
1307,1072,945,1312,942,1402,1153,1125,1097,1396,1434,1102,1070,1003,1211,950,783
884,1406,1045,1115,1160,1287,1344,1039,1099,1299,1337,968,1328,956,1163,1130,879
858,1284,967,1554,1156,1113,1227,1059,1102,1551,1289,987,1449,815,1178,909,444
977,1010,1503,1133,1271,1270,1092,1021,1106,1431,1323,936,1348,853,1220,983,887
997,981,907,1370,1347,1631,1179,760,1123,1482,1146,967,1288,876,1308,1090,540
1111,897,1475,984,994,1554,1332,853,1101,1359,1420,952,1282,855,1181,1130,709
1443,1211,1153,1284,954,951,1161,943,1238,1244,1049,1078,1035,955,1326,1311,28
1402,1255,1573,998,1019,988,1129,916,1003,1203,1616,976,1365,804,1024,1164,917
1071,1670,979,1442,961,759,1351,740,1054,1562,1225,1032,1205,903,969,1282,14
972,1190,1013,1104,1258,968,1442,1270,1072,1442,1052,1035,1041,882,1343,1413,361
1527,1023,1591,1119,1221,750,1046,724,1017,1367,1126,1028,1440,797,1252,1253,957
1279,1109,866,977,1021,974,1509,1545,1113,1312,919,975,1005,1002,1213,1720,297
1005,1367,1292,1134,1125,1505,811,1029,1043,1342,1691,1030,1157,847,1052,1095,564
1394,959,757,994,843,1672,1388,776,1264,1154,1123,1036,1307,1066,1269,1061,148
1013,1617,821,1214,1166,1219,1230,947,1143,1610,1098,966,930,797,1453,1261,351
1046,1205,773,1314,1194,1336,1477,785,1126,1493,1041,1078,1034,925,1317,1266,143
704,876,1228,886,1380,1078,1636,1430,1039,1555,1234,884,1356,890,1133,1189,207
1040,1205,1288,1079,1305,1335,967,1061,1047,1250,1513,879,1275,884,1160,1272,762
1360,1464,1464,1107,994,779,1046,872,968,1229,1733,691,1623,877,948,1029,645
1653,1261,1094,996,975,1088,1007,1069,1084,1219,1315,983,1152,930,1164,1433,36
1367,1517,1018,1201,1081,1125,1211,721,1077,1204,1367,991,1184,910,1303,1244,307
925,1264,1034,1583,1217,1384,916,892,1076,1381,1208,852,1607,819,1071,1219,724
1457,981,1242,758,1299,1338,1312,795,936,1130,1619,734,1584,683,951,1193,916
1702,1401,1474,792,892,904,1117,665,1140,1213,1231,876,1430,807,1145,1438,945
1022,1235,1268,1251,992,1577,915,1001,1053,1323,1403,840,1568,833,1103,1157,472
1596,1614,1209,972,963,610,1166,769,1082,1332,1372,924,1364,883,1091,1232,947
854,1120,965,938,1093,1564,1181,1406,1078,1444,1397,977,1058,951,1247,1049,485
1156,839,1345,834,1404,917,1586,1114,1027,1361,1179,875,1487,792,1138,1421,333
1710,1294,1247,1156,943,681,1069,989,1007,1475,1058,1094,1003,992,1154,1456,991
901,1422,1143,1555,953,1086,1204,1016,1117,1415,1307,914,1493,909,1218,907,444
866,1207,1099,1188,1164,988,1466,1302,1107,1501,996,942,1298,888,1265,1283,180
1572,1168,1702,857,1005,1015,977,730,1054,1202,1133,902,1444,923,1180,1442,957
1012,1128,1365,1224,1251,1337,981,947,1108,1381,1412,961,1304,917,1204,986,887
898,1505,1278,1140,821,1555,1028,949,1096,1290,1446,870,1519,844,1101,1110,879
1196,973,1144,1047,1024,1542,1478,828,1037,1468,1390,954,1253,898,1167,1105,709
870,1401,849,1079,1133,1052,1622,1237,1084,1373,1236,948,1488,912,1273,966,207
1085,1165,783,1252,1103,1052,1408,1380,1122,1400,1152,930,1083,837,1199,1487,297
1557,1419,1326,894,989,889,1252,933,1104,1343,1402,1035,1049,852,1235,1260,917
1231,976,699,1265,1247,1388,1352,1031,1067,1455,1601,972,1254,747,1090,902,783
1100,855,1188,1263,1287,1200,1324,1063,1056,1428,1299,1032,1216,867,1281,1101,902
1549,1131,1388,1034,1002,967,1126,1005,982,1382,1316,761,1417,861,1044,1501,390
1152,1135,914,1171,1200,1495,1137,942,1153,1259,1156,931,1379,1040,1327,1035,148
903,1598,905,1022,1215,1145,1371,1095,1061,1267,1137,983,1166,964,1320,1382,361
748,1241,638,1428,1473,1679,1267,629,994,1610,1011,1123,1409,852,1191,1073,540
775,1363,1004,1304,1108,1687,1004,912,1048,1394,1433,1096,1191,965,1075,1078,564
1258,1356,611,1425,913,1487,1271,895,1065,1287,1170,1134,1020,1095,1277,1232,143
1628,1262,1151,1207,935,963,1125,804,1146,1277,1271,1008,1249,820,1179,1330,28
1027,1040,716,1090,997,1429,1432,1423,1052,1484,1232,1148,871,1040,1380,1073,485
720,1725,1044,1542,970,1105,1107,785,996,1356,1504,808,1377,921,1014,1304,645
1228,1503,1184,1116,1259,819,1038,818,1049,1508,1332,915,1260,900,1232,1084,947
1376,1324,906,1265,1072,1175,1334,739,1094,1181,1069,1123,1088,948,1261,1516,307
1109,1657,806,1225,1045,874,1519,768,1197,1507,1011,1102,971,889,1352,1251,14
813,1466,688,1537,1176,1634,1200,736,1158,1478,1051,987,1395,844,1172,1195,724
1445,1395,716,755,1326,1484,1441,655,1099,1307,1640,877,1364,669,1197,1054,916
1001,1730,748,1306,1171,933,1161,881,1178,1354,1048,999,1071,964,1511,1155,351
1518,1488,1300,941,1121,1174,1096,617,1072,1384,1036,967,1365,766,1156,1448,945
655,1416,1202,1146,1089,1532,1148,999,1111,1406,1375,880,1419,862,1200,1027,472
1302,1467,878,1156,945,1105,1369,1039,1118,1442,1064,1024,1007,968,1261,1358,36
1232,1030,1192,1038,1216,1165,1380,999,1063,1443,1500,896,1221,876,1210,1071,709
1065,1516,1252,1189,1162,1212,756,1037,956,1175,1737,892,1466,894,1029,991,762
1670,1457,1058,1177,1120,761,1080,687,1032,1522,1113,1183,982,911,1216,1321,991
983,1332,1349,1074,1179,1377,1074,912,1114,1393,1255,1062,1312,833,1239,1072,887
1048,856,1128,969,1190,1050,1642,1293,1097,1419,1067,998,1182,964,1239,1314,333
886,1545,954,1605,981,1022,1054,1056,1057,1377,1410,874,1589,825,1119,1029,444
774,1308,878,948,1441,815,1567,1340,1137,1417,1170,874,1388,877,1224,1193,207
930,869,1113,1341,1514,1051,1371,1081,1063,1445,1263,1090,1244,862,1485,828,902
676,1352,1053,1183,1195,1148,1428,1245,1115,1383,991,933,1380,849,1272,1353,180
881,1426,631,1190,854,1039,1664,1448,1163,1244,1028,936,1027,977,1360,1464,297
935,1239,1013,1198,1231,1055,1449,1132,1026,1409,1163,1022,1146,939,1256,1319,361
773,1637,1218,1468,1091,924,1174,600,995,1300,1571,943,1465,881,1032,1064,645
787,1195,1143,1010,1310,1317,1414,1104,1083,1414,1285,1042,1266,944,1176,1070,879
1468,1382,1509,1075,853,992,1049,899,1077,1154,1563,927,1292,915,1226,1126,917
706,1173,812,1455,1301,1610,1276,808,1026,1542,1210,1014,1291,967,1365,852,540
1036,910,785,1576,1480,1253,1355,885,1022,1623,1457,888,1317,781,1294,890,783
1430,1401,1403,1110,928,1013,1152,705,1106,1312,1064,1019,1443,795,1299,1227,957
1686,1488,1053,959,1018,810,1120,1013,1171,1250,1213,968,1225,976,1192,1285,390
1196,1416,805,1037,1034,1381,1098,1313,1040,1399,1491,1064,1033,877,1233,1076,485
822,1130,537,1286,1223,1682,1356,935,1214,1365,936,1145,1167,1019,1379,1055,148
1254,1297,713,1231,1171,1411,1276,713,1136,1376,1107,1055,919,1102,1388,1197,143
1167,1422,778,1491,1071,1175,1118,862,976,1307,1355,927,1184,885,1284,1362,307
824,1499,777,1514,1074,997,1305,835,1140,1512,1090,1070,1110,976,1213,1169,14
1636,1236,1054,1170,1115,1026,1070,788,1175,1331,1212,997,1091,948,1215,1311,28
1095,1293,1223,1078,1412,1386,970,823,999,1440,1461,971,1161,918,1109,1221,762
1575,1679,1216,1168,1279,511,1025,628,1025,1546,1109,1009,1104,873,1171,1436,991
848,1184,1206,1356,1217,1363,1228,824,1086,1401,1335,936,1295,881,1274,1072,879
1391,903,1217,1105,1125,1423,1333,783,1002,1527,1505,943,1146,939,1176,1008,709
1066,1501,1056,1190,951,1530,1102,870,1041,1330,1392,951,1316,949,1194,1107,472
1049,1675,713,1259,1242,1102,1262,760,1134,1571,1060,1075,861,907,1437,1235,351
1550,1542,1107,676,1357,1102,1227,580,1104,1152,1735,767,1398,689,1118,1120,916
1087,915,1291,1300,1291,1348,1025,1023,1012,1399,1529,957,1316,808,1209,1050,887
628,1302,1142,1121,1201,1120,1558,1165,1055,1315,1174,969,1329,1015,1268,1155,180
1090,1177,683,1269,1132,1575,1307,771,1104,1314,1221,1097,963,1093,1243,1204,143
961,1388,804,1236,1312,1438,984,1131,980,1460,1482,999,1094,944,1219,1102,564
1449,1697,1001,1204,1136,804,1062,733,992,1487,1358,985,1260,825,1107,1266,947
715,1338,1282,1398,1296,931,1235,819,966,1411,1440,847,1382,912,1216,1106,645
1212,982,1311,956,1184,857,1462,1295,1013,1169,1404,913,1483,853,1112,1322,333
860,1584,660,1570,1026,1649,1071,639,1105,1434,1206,981,1257,901,1333,1063,540
894,1346,592,1205,1305,1241,1490,1136,1073,1390,1119,916,1096,915,1256,1487,361
972,1010,625,951,1158,1068,1681,1445,1064,1421,1014,824,1120,924,1215,1685,297
1267,1258,581,1660,1185,1228,1344,745,1038,1461,1521,1031,1186,832,1252,902,783
726,1535,956,1467,1039,1216,1118,1168,1004,1534,1505,918,1426,857,1071,956,444
708,1221,947,915,1365,943,1684,1457,1096,1459,1343,834,1548,795,1057,1148,207
728,892,986,1411,1402,1297,1431,1073,1137,1431,1260,1163,1092,927,1486,784,902
874,1481,850,1541,1270,1443,1010,774,1161,1411,1069,1040,1344,1003,1146,1106,724
1500,1313,858,1225,1014,1171,1117,915,1073,1373,1237,947,1151,919,1226,1354,36
1108,979,730,1061,1200,1410,1417,1375,1119,1573,1438,979,958,891,1291,1031,485
1026,1656,675,1233,1106,868,1490,889,1194,1516,1186,1055,1081,857,1205,1186,14
1549,1289,1619,1138,834,990,943,507,1023,1176,1000,913,1363,1021,1318,1466,957
1284,1090,1600,1199,1106,905,1132,963,1058,1341,1529,930,1239,880,1234,1027,917
1525,1514,1369,1058,1009,966,953,707,1053,1275,1158,991,1176,932,1223,1472,945
1399,1330,742,1037,1068,1210,1239,1173,1059,1501,1224,1102,1049,968,1239,1138,390
1578,1375,914,1222,1226,747,1132,789,1042,1454,1058,1052,979,955,1261,1442,991
1436,1114,1002,1228,1086,1039,1453,840,1182,1356,1158,1138,1028,863,1301,1254,28
1002,1188,695,1191,1162,1580,1298,898,1178,1397,1029,962,1245,1002,1329,1138,148
818,1565,990,1340,1104,913,1366,841,1146,1527,1095,1024,1017,890,1392,1189,351
837,1348,1224,1325,1158,1518,962,819,968,1282,1610,911,1389,921,1091,1093,564
722,1091,1081,1329,1164,1260,1338,1222,1192,1488,1119,914,1344,942,1238,1043,180
1399,1365,1108,1055,1259,873,1313,809,1012,1484,1335,941,1201,842,1208,1257,947
799,982,709,1026,1346,980,1744,1428,1135,1424,1103,925,1094,901,1263,1399,297
774,1114,733,1524,1390,1607,1236,704,1075,1429,1122,1063,1338,912,1172,1169,540
846,1669,951,1065,1193,1408,984,1018,1063,1402,1521,900,1130,839,1140,1227,762
1060,1065,1161,1220,819,1624,1389,814,1111,1414,1521,991,1144,899,1287,913,709
1168,1292,762,1148,1216,1446,1343,624,1020,1323,1147,1083,1061,1045,1375,1226,143
1038,1310,1233,1115,1134,1305,1025,1120,1049,1274,1413,1011,1305,932,1210,1086,887
728,1493,1148,1462,1302,975,1205,895,958,1319,1632,830,1533,872,1040,1042,645
1345,1383,905,1351,1135,1074,1169,918,1043,1355,1031,960,1180,886,1251,1570,307
1541,1236,1115,802,1368,1191,1245,762,995,1200,1741,812,1501,693,1050,1156,916
758,1021,692,1155,1440,1407,1503,1267,1062,1443,1085,1002,1148,894,1291,1355,361
1448,1409,759,1143,1016,1182,1205,802,1164,1405,1137,1037,970,929,1278,1360,36
981,819,1236,963,1365,1169,1373,1374,1076,1346,1250,984,1287,808,1225,1304,333
955,1095,875,1149,988,1423,1146,1542,1121,1387,1372,1005,1123,902,1364,1006,485
1553,833,909,1027,1257,1146,1265,1009,1052,1296,1490,1077,1235,806,1265,1059,783
1005,1118,1162,1342,1021,1572,1085,926,1012,1359,1389,932,1329,1001,1211,1047,879
857,1488,821,1601,1228,1439,1072,713,1076,1431,1064,1032,1396,919,1206,1156,724
1450,1391,813,1325,1036,1055,1163,894,1120,1249,1400,999,1290,786,1113,1323,28
923,1622,1070,1179,1104,1445,1113,752,1104,1436,1314,958,1333,929,1128,1078,472
1378,1470,1421,1041,1029,1196,871,815,1047,1266,1571,925,1226,921,1102,1222,917
940,1081,1182,1445,1155,1071,1199,1196,1012,1454,1206,996,1451,800,1183,1103,444
617,1336,853,1174,1322,1150,1596,1089,1160,1507,1052,906,1247,886,1312,1210,180
967,1615,820,1273,1240,912,1343,950,1130,1579,996,965,1021,811,1405,1335,351
1549,799,1676,897,1193,819,1220,825,1062,1255,1074,798,1413,842,1195,1619,957
888,1526,883,1583,991,896,1320,901,1202,1490,1005,1017,1230,849,1307,1180,14
930,1010,1025,1225,1101,1601,1209,961,1171,1338,966,951,1358,1045,1243,1208,148
972,1046,1076,847,1457,942,1505,1227,1074,1463,1200,912,1388,778,1176,1266,207
1580,1384,1144,1113,1190,855,1148,689,998,1446,1126,1071,1114,884,1150,1475,991
1187,1158,717,1165,1000,1029,1563,1445,1104,1351,1038,968,1103,932,1339,1445,297
1627,1399,1531,995,920,987,757,671,1027,1311,1015,938,1452,811,1083,1643,945
1253,1625,1079,1113,1347,914,1054,816,1023,1464,1295,908,1325,856,1112,1297,947
1742,1403,1217,1078,957,1045,1054,626,1162,1150,1169,948,1181,872,1360,1438,307
1571,1259,1396,987,1012,1002,1069,823,1157,1332,1166,1000,1240,914,1219,1252,390
943,875,1318,952,1386,1206,1334,1243,1131,1227,1187,992,1215,957,1395,1176,333
776,1346,973,1343,1236,1503,976,1097,1065,1308,1579,949,1279,922,1066,1057,564
1282,1228,1323,1096,1268,1066,809,1112,1134,1222,1428,958,1357,908,1146,1090,887
1447,1122,1428,1021,837,1378,1255,711,1049,1368,1411,1042,1131,904,1232,1143,709
901,1145,739,1574,1204,1589,1140,888,1127,1413,1135,1032,1396,917,1251,1009,540
1023,1330,765,1106,1262,1565,1358,776,1126,1259,1287,988,1267,985,1289,1079,472
775,1625,1240,1428,1155,1036,889,894,1017,1396,1576,864,1331,961,1047,1066,645
1211,1397,624,1228,1174,1452,1197,845,1146,1281,1123,1128,911,1078,1252,1361,143
1182,718,923,1258,1354,1316,1404,1049,1156,1410,1406,1138,1077,872,1288,933,902
1599,1633,1042,1296,1094,633,1125,781,1171,1270,1125,1064,1127,968,1202,1353,28
859,1395,787,1087,1269,1109,1424,1318,1068,1336,1113,912,1174,796,1245,1527,361
879,793,768,1395,1340,1406,1535,1099,1088,1430,1502,1099,1174,942,1234,811,783
908,1378,809,1638,1282,1306,974,883,1089,1366,1028,1091,1399,954,1267,1086,724
1018,1387,1134,1232,1162,1402,833,1112,1003,1364,1568,953,1369,838,1104,1081,762
972,1203,1109,1290,1340,1396,1074,896,1104,1394,1324,963,1333,853,1271,1038,879
1375,1299,1605,1039,1150,798,1051,756,1076,1245,1006,871,1383,987,1248,1418,957
1483,1249,901,708,1369,1318,1417,777,1034,1219,1664,778,1432,666,1098,1169,916
790,1328,859,1109,1287,1145,1597,1050,1124,1578,1204,906,1253,838,1226,1150,207
1532,1039,951,1213,1162,1090,1192,1100,1081,1477,1002,1034,1020,912,1361,1393,36
1509,1440,1073,1184,1159,733,1098,890,1044,1518,1179,999,1175,852,1143,1370,947
846,968,824,1214,1068,1429,1324,1457,1124,1363,1493,1111,1018,982,1296,893,485
921,1338,943,1559,939,1244,1270,965,1030,1484,1110,956,1451,899,1198,1139,444
735,1715,781,1232,1169,1130,1393,874,1187,1533,905,956,1032,851,1490,1326,351
1088,1058,907,1016,1099,848,1695,1484,1167,1233,986,934,1002,901,1263,1703,297
923,1727,750,1421,962,1033,1501,809,1170,1636,1141,1026,1051,847,1173,1224,14
1115,1237,1116,1158,1116,1567,851,1084,989,1364,1468,956,1158,940,1107,1298,564
1501,1444,1142,1185,1160,880,1045,815,966,1499,1094,1098,1038,992,1163,1430,991
968,1259,816,1160,1136,1713,1120,1013,1181,1371,1014,950,1271,986,1403,1104,148
1091,934,1071,915,1303,1123,1469,1310,1127,1400,1183,962,1088,901,1343,1276,333
1545,1608,906,1102,1045,903,1081,986,1117,1369,1174,954,1262,929,1197,1278,390
1221,1244,1102,1079,1060,1472,1034,1067,1088,1352,1470,921,1238,854,1228,1129,887
1224,1192,1694,1043,1063,1190,1080,744,1012,1324,1148,1003,1356,775,1164,1498,945
795,950,1131,1275,1252,1274,1432,1171,1102,1540,1218,1092,1037,947,1363,981,902
722,1179,827,1490,1132,1581,1330,795,1074,1451,978,1056,1390,985,1122,1224,724
1453,1204,1576,1007,970,958,991,1085,1020,1236,1514,1053,1266,942,1102,1147,917
855,1699,1021,1511,1060,1101,1121,760,1003,1377,1459,914,1323,954,1075,1129,645
989,1079,1203,1070,1092,1529,1460,767,1087,1498,1534,981,1118,937,1286,839,709
896,933,781,1348,1194,1504,1432,897,1078,1424,973,1150,900,1143,1440,1172,143
814,1183,847,1047,1290,1211,1568,1057,1200,1471,1185,958,1269,838,1332,1027,207
1406,1440,776,1254,1163,1042,1202,783,1049,1294,1247,1055,1130,919,1263,1323,307
1496,1591,983,1133,1222,772,1017,929,1010,1413,1145,930,1298,895,1140,1435,947
1038,1620,838,1262,898,1417,1223,769,1140,1442,1344,955,1140,1044,1222,993,472
1560,1119,865,814,1301,1336,1419,843,1050,1238,1625,864,1348,781,1090,1067,916
844,926,861,1261,1206,1350,1526,1208,1090,1485,942,1023,1269,1004,1286,1181,180
704,1095,897,1527,1320,1651,1040,865,969,1507,1142,1118,1412,876,1121,1088,540
769,1475,1087,1331,1228,1396,1072,816,1124,1465,1426,880,1316,840,1181,1048,879
779,1539,1246,1164,1223,1281,999,994,1032,1261,1375,938,1333,876,1121,1344,762
1732,1099,987,1163,1135,830,1285,950,1177,1277,1225,1065,1078,876,1179,1403,28
714,1505,930,1613,1002,1187,1176,972,1046,1568,1460,830,1415,805,1177,979,444
1590,1090,956,1210,973,1073,1009,1284,1043,1338,1053,974,1138,997,1169,1560,36
1393,1018,902,1381,1029,1299,1320,938,980,1400,1416,1013,1289,894,1177,1111,783
797,1682,795,1184,1161,1239,1409,884,1082,1585,992,1075,1014,809,1442,1271,351
878,1482,800,1068,1299,1101,1456,1151,1060,1389,1144,946,1170,886,1248,1377,361
986,1464,748,1042,1042,1393,1262,1343,1106,1533,1512,949,872,940,1382,986,485
1018,1401,1083,1592,1209,1442,800,653,1102,1379,1232,922,1616,862,1064,1103,724
1216,1265,729,1276,1063,1141,1441,1149,1056,1398,1046,1085,1008,984,1287,1416,297
809,1491,908,1407,1265,1492,870,976,961,1335,1643,1000,1262,888,1049,1115,564
1670,1451,1543,1037,894,759,949,653,1004,1334,1080,994,1124,1026,1100,1618,991
1145,1044,1336,1066,981,1447,1332,929,1039,1471,1533,869,1261,874,1112,1098,709
1486,1279,1607,981,1097,986,905,856,1048,1295,1587,952,1366,881,1058,1068,917
1231,1263,720,1178,1240,1428,1284,809,1079,1431,1090,1069,1006,1033,1263,1309,143
1736,810,1678,880,1068,745,1104,856,1051,1204,1181,941,1381,871,1217,1415,957
1015,906,1231,1122,1321,1225,1389,1064,1142,1447,1348,1078,1159,917,1301,888,902
1053,1715,947,1293,990,968,1421,773,1093,1402,1153,1105,1232,983,1218,1083,14
945,933,1517,802,1398,1033,1404,1220,1066,1319,1230,958,1297,856,1195,1359,333
1566,1358,1055,1112,936,1051,1137,912,1111,1463,1171,1022,934,986,1224,1366,390
1311,1347,1414,1073,1046,1254,976,747,1087,1253,1029,1032,1197,923,1240,1519,945
1065,1140,1393,1171,1009,1501,943,1058,1002,1353,1393,990,1295,979,1191,1077,887
920,1139,1446,1124,1263,1445,1016,923,1078,1280,1437,968,1366,1002,1178,971,879
875,1105,1025,1193,1040,1685,1159,920,1134,1415,1335,964,1311,911,1171,1039,148
857,1438,1361,1106,1284,1307,803,1033,998,1360,1556,921,1330,816,1033,1248,762
1497,1583,819,1211,930,1006,1270,887,1129,1437,1051,960,1028,965,1302,1402,36
1560,1353,1026,1209,989,970,1129,986,1148,1341,1385,920,1199,825,1159,1303,28
1228,1239,612,1393,1217,1324,1220,905,1101,1421,949,1025,1070,926,1364,1424,307
1454,1358,809,714,1474,1337,1215,804,1059,1141,1648,955,1391,760,1217,1109,916
806,1223,939,940,1450,959,1577,1229,1138,1463,1229,830,1412,869,1147,1191,207
727,1595,1327,1556,1181,1019,991,816,993,1330,1533,805,1535,948,1058,1020,645
1285,1591,1242,1262,1163,756,1048,644,941,1503,1274,928,1277,844,1129,1384,947
955,1118,941,1077,1262,1244,1351,1288,1089,1373,971,1006,1330,939,1260,1312,180
1033,1518,1022,1124,1135,1638,1018,708,1097,1336,1505,954,1352,940,1069,1027,472
797,1419,939,1504,1325,1494,974,763,1013,1363,1277,1055,1476,958,1215,923,540
938,1319,1041,1484,1210,1136,1071,1063,1094,1547,1188,947,1380,855,1172,1097,444
1654,1437,1127,1156,1167,836,904,688,1001,1477,1121,1235,932,948,1079,1479,991
1253,1082,841,1133,1193,1357,1364,1006,1058,1289,1580,1030,1229,917,1292,822,783
904,1473,793,1224,1183,1209,1272,1005,971,1365,1040,1001,1175,1021,1155,1552,361
1044,1713,867,1232,1027,914,1292,906,1211,1438,988,1029,1011,928,1512,1126,351
743,1223,867,1188,1204,1704,1089,992,1055,1358,1521,976,1181,965,1113,1111,564
1237,1052,1177,1119,1039,1465,1207,856,978,1457,1597,1018,1117,944,1121,1027,709
986,983,970,1208,1334,1338,1299,1079,1049,1543,1391,1119,987,932,1357,902,902
1397,1348,1384,1015,1200,1006,1079,775,1108,1280,938,1082,1288,856,1277,1451,945
956,1040,722,1036,1063,1540,1342,1496,1114,1452,1364,1086,815,1031,1387,1031,485
778,1050,605,1011,1216,1343,1680,1451,1133,1439,978,999,971,1036,1286,1438,297
999,1002,1445,856,1322,808,1543,1256,1077,1406,1176,934,1307,891,1169,1320,333
1509,1184,1595,893,1025,827,1073,774,1030,1232,1157,940,1272,985,1343,1321,957
1006,1295,652,1218,1286,1305,1462,824,1043,1400,1190,1124,872,1091,1442,1118,143
678,1422,756,1434,1356,1500,1205,781,1069,1413,1205,959,1315,1051,1184,1080,724
1562,1312,918,1087,1003,1162,1215,920,1124,1414,1137,975,1062,928,1280,1354,36
714,964,908,1274,1102,1681,1339,1164,1182,1397,1086,926,1385,821,1361,1122,148
1138,1744,1060,1229,1308,648,1086,686,1057,1448,1248,934,1276,893,1098,1326,947
1309,1297,1371,1018,999,1197,1021,958,1057,1257,1615,1097,1123,914,1097,1044,917
1044,1646,817,1312,1052,868,1227,877,1130,1447,1344,1049,1110,869,1245,1086,14
784,1368,975,1184,1297,919,1553,1058,1135,1239,1282,978,1451,943,1264,988,207
793,1232,551,1483,1308,1567,1122,772,1092,1478,1123,1108,1180,931,1322,1030,540
837,1296,1195,1190,1193,1423,1228,918,1085,1348,1400,956,1388,809,1231,1015,879
1406,1440,1297,1158,1113,1087,799,839,1041,1274,1592,920,1389,862,1085,1084,887
1581,1231,1183,1038,927,984,1261,859,1230,1190,1232,980,1253,780,1209,1406,28
1254,1494,987,1383,994,1035,1196,752,991,1211,1280,937,1350,913,1223,1375,307
1594,1407,1519,1052,1010,870,1091,641,1054,1244,1129,1014,1406,725,1079,1586,945
1584,1334,887,1175,942,1020,1206,1018,1164,1384,1039,1007,1128,923,1240,1395,390
846,1318,981,1398,1194,1695,856,842,912,1257,1732,932,1325,908,1098,1040,564
862,1597,1116,976,1412,1337,914,1000,1098,1344,1514,885,1184,792,1242,1203,762
737,1313,1007,1520,1093,1203,1253,1134,1037,1378,1386,922,1406,894,1216,1041,444
1450,1350,1132,925,1164,1206,1213,747,997,1032,1700,813,1575,750,999,980,916
1326,1541,984,1159,1043,1054,1155,952,1146,1466,964,1031,1016,941,1276,1440,36
849,1545,1051,1255,1087,1017,1312,1124,1071,1393,1362,894,1463,811,1216,1052,180
966,1538,763,992,1259,1189,1508,1045,1043,1251,1287,921,1119,967,1293,1399,361
1461,739,905,1335,1224,1362,1245,987,1125,1574,1521,932,1227,769,1205,922,783
1027,994,1108,999,1409,1072,1551,1064,1070,1293,1101,980,1373,881,1192,1390,333
757,1628,691,1238,1184,1454,1270,716,1037,1490,1255,1040,923,979,1443,1108,351
1435,1280,1584,1071,1056,999,1190,570,1018,1396,957,997,1408,893,1235,1372,957
979,919,1192,1521,1155,1252,1300,923,985,1368,1465,1044,1279,843,1235,1061,902
1286,886,1366,1031,1192,1512,1250,695,935,1414,1671,874,1229,920,1164,1017,709
876,1564,725,1352,946,1535,982,950,1125,1283,1400,954,1266,971,1218,1063,472
983,960,669,1134,1094,1607,1475,824,1203,1313,951,1090,1246,1052,1247,1178,148
851,1389,1408,1350,1366,909,1151,835,1021,1338,1458,837,1591,901,1038,1055,645
1702,1372,1081,1151,1089,864,975,673,1034,1384,1060,1017,1170,917,1105,1525,991
869,1304,757,1206,1060,1100,1615,1350,1053,1391,956,1042,1105,926,1158,1624,297
1304,1042,792,1365,1024,1398,1537,593,1146,1489,1026,1015,911,960,1343,1390,143
976,1264,1505,1076,1271,989,1152,872,1009,1309,1039,835,1544,755,1175,1568,945
1111,1059,883,1038,1136,1303,1176,1544,1070,1270,1422,1085,1048,949,1247,1155,485
762,1309,626,1613,1407,1639,1096,684,1124,1346,1248,955,1375,937,1295,1000,540
897,1100,986,1484,1240,1510,1036,917,1119,1265,1458,827,1540,901,1166,1004,879
1315,1448,1459,898,1073,1040,1074,940,1038,1275,1628,1029,1288,887,1095,1011,917
1030,1410,817,1717,1003,1427,1094,581,1092,1478,1165,942,1410,881,1126,1186,724
994,1436,1183,1134,1330,1263,995,817,1113,1370,1301,1023,1169,901,1263,1140,887
1563,1290,869,1238,978,1159,940,1201,1021,1259,1231,920,1401,907,1039,1487,36
713,1310,1027,1530,922,1449,1299,983,1110,1507,1284,1007,1387,827,1193,965,444
1384,1111,734,1306,1016,1373,1341,986,981,1419,1462,1080,1189,842,1240,1067,783
1072,1085,745,1230,1085,1723,1242,812,1184,1348,1233,1007,1187,881,1325,1115,148
930,846,1381,1194,1233,988,1325,1373,1068,1528,1168,877,1408,862,1209,1149,180
1182,1554,837,1260,880,1444,1415,631,1067,1490,1186,971,1034,979,1248,1305,307
1507,1055,1732,948,1190,721,966,780,1130,1180,1148,861,1383,924,1309,1345,957
951,1568,645,1208,1192,1101,1490,1036,1053,1402,1144,1101,1050,976,1250,1304,361
1606,1310,1206,1259,898,781,1030,918,1212,1203,1223,1074,1170,782,1226,1390,28
674,1361,814,1067,1418,1130,1645,1124,1109,1507,1172,994,1437,793,1171,1097,207
828,1441,1110,1141,1405,1460,768,1082,988,1178,1693,969,1306,883,1165,1075,762
1004,1295,931,1259,1112,1668,1084,850,1074,1365,1131,1005,1362,1011,1176,1156,472
1476,1574,995,1086,1161,715,1213,814,1045,1313,1182,1014,1262,990,1164,1310,947
1197,949,1359,1025,1166,1306,1372,906,1055,1387,1603,831,1319,855,1152,1070,709
1205,675,1500,806,1179,1359,1371,1025,1175,1312,1099,950,1351,772,1252,1369,333
839,1705,831,1332,1118,978,1200,891,1191,1399,1077,945,989,969,1464,1246,351
783,1282,881,1323,1299,1624,837,1089,957,1171,1638,1062,1253,965,1155,1073,564
1044,1352,651,1049,1141,948,1444,1505,1097,1367,1131,1065,982,1003,1254,1381,297
936,1561,1041,1511,1231,1049,1181,634,935,1325,1574,940,1389,994,1049,1036,645
846,1544,687,1347,1047,1305,1509,896,1181,1499,1107,1095,1061,919,1197,1162,14
898,898,1133,1235,1342,1360,1381,1033,1145,1407,1325,1031,1065,940,1334,1033,902
893,1332,896,1252,1304,1403,1238,904,1049,1387,1169,1035,1083,1092,1230,1235,143
1515,1186,1157,1020,1144,1159,973,1023,1036,1369,1337,944,1196,955,1199,1244,390
1193,1075,787,919,1097,1623,1221,1325,1077,1424,1357,1074,1029,982,1359,978,485
1000,1213,775,1464,1191,1534,1100,898,1046,1448,1228,918,1387,897,1254,1102,540
707,1377,877,1694,1032,1415,1115,1012,1029,1540,1202,948,1476,888,1232,965,444
1000,1497,1021,1218,967,1538,1286,750,1133,1401,1367,903,1375,929,1139,1033,472
1612,1003,982,1100,1198,1004,1169,1172,1127,1312,1239,948,1279,814,1174,1387,28
1030,1185,1224,1014,1346,1242,1057,1182,982,1306,1436,999,1254,983,1261,1059,887
1357,1311,913,764,1320,1514,1391,633,1083,1121,1718,886,1423,722,1133,1126,916
1245,1659,1336,1031,1155,927,1085,822,991,1229,1288,961,1418,892,1192,1309,945
1107,1393,1379,1222,882,1147,1017,872,1107,1322,1440,937,1272,1011,1112,1079,879
1344,1346,807,1250,995,1360,1181,852,1026,1363,1152,845,1191,850,1097,1577,307
690,1316,576,1724,1095,1574,1131,753,1162,1506,1100,1034,1255,844,1224,1093,724
1387,1546,1309,1152,1141,660,1233,645,1046,1517,1169,852,1357,843,1061,1435,947
1595,1344,1637,948,862,740,960,817,1128,1218,1693,968,1131,948,1110,1061,917
1141,994,532,1514,1211,1679,1333,777,1118,1521,1503,985,1168,865,1118,1002,783
1462,1272,922,1170,960,1003,1261,1145,1096,1418,1132,987,1120,897,1245,1373,36
985,988,1083,1087,1070,1371,1559,1137,1133,1423,1039,876,1355,979,1350,1125,180
1624,1550,1061,999,1069,715,1111,831,1034,1480,1013,1166,905,1018,1279,1385,991
640,1726,885,1699,1047,1313,1117,721,1019,1460,1497,858,1313,1001,1012,1120,645
967,1093,982,972,1295,1114,1484,1373,1122,1274,1198,855,1223,891,1259,1452,361
1167,918,769,1351,878,1744,1205,924,1177,1271,1076,1002,1312,979,1440,1023,148
887,1464,940,1116,1302,1247,1025,1154,1072,1396,1492,862,1264,848,1111,1235,762
802,1119,643,952,1338,1109,1715,1391,1135,1536,1143,826,1514,799,1162,1156,207
1202,916,1582,885,1305,809,1346,1212,1039,1236,1300,893,1454,806,1114,1407,333
1074,1157,1063,1341,1138,1519,976,964,963,1322,1661,990,1344,921,998,1081,564
1208,1065,868,1052,762,1580,1211,1514,1001,1470,1470,1053,1058,895,1226,1107,485
905,1430,825,1581,1061,1282,1056,967,1119,1512,1196,983,1090,902,1322,1148,351
1310,990,1329,1073,915,1289,1447,791,1019,1483,1477,933,1228,887,1127,1083,709
942,1160,870,1527,1109,1645,1180,736,1077,1370,1213,930,1466,833,1209,1182,540
1520,1253,811,1211,939,1126,1383,908,1096,1411,1179,1018,1165,886,1248,1277,307
862,1744,512,1435,977,1142,1483,759,1166,1626,1131,1071,1090,830,1182,1100,14
1483,1147,1134,1130,1044,1012,1268,900,1049,1436,1212,996,1288,809,1198,1292,390
1614,1184,892,1209,1194,938,1088,989,1254,1272,1179,912,1177,779,1270,1412,28
1658,1042,1669,940,1056,1078,998,835,1087,1234,1076,920,1326,881,1225,1526,957
1623,1270,817,829,1265,1099,1297,885,1058,1191,1699,792,1438,685,1121,1082,916
908,1562,725,1170,1066,850,1525,1314,1061,1313,1184,916,1136,946,1194,1530,297
915,1193,1147,1516,926,1311,1162,1063,1060,1432,1266,996,1461,849,1212,1004,444
1258,1227,793,1300,1068,1545,1304,785,1115,1412,1024,1078,896,976,1360,1419,143
1263,1080,1485,1017,1049,1272,1287,827,1067,1408,1466,1060,1035,922,1255,1050,917
990,1533,991,1181,973,1402,1060,1028,1026,1280,1334,1014,1551,905,1103,1067,472
1520,1649,980,1168,1205,788,1171,712,1061,1480,1194,1106,1100,940,1189,1210,947
781,1344,1161,1368,1167,1499,954,936,1042,1367,1411,943,1288,920,1075,1216,564
977,1334,956,1223,1230,1093,1415,1052,987,1423,1077,906,1107,949,1250,1521,361
746,1496,719,1138,1306,1035,1711,1034,1144,1564,1063,958,1311,883,1219,1138,207
1589,1568,1255,955,1136,677,1037,823,1105,1250,1114,917,1349,734,1139,1632,945
1205,1127,527,1064,996,1541,1205,1548,1050,1452,1330,1066,871,1014,1344,1153,485
777,1286,707,1580,1251,1684,1253,660,1129,1524,976,1131,1236,959,1296,1029,724
921,1524,1139,1495,1178,1154,1022,707,932,1365,1490,930,1437,975,1062,1057,645
1102,1090,888,1268,1224,1452,1207,955,1080,1447,1362,873,1438,822,1168,1090,879
942,1262,823,1338,890,1690,1117,854,1135,1288,1023,1054,1349,1029,1163,1239,148
1720,1412,1085,1056,1173,584,1109,689,983,1433,1135,1046,1065,951,1177,1490,991
1262,1095,1176,1004,1375,1236,1057,1065,1070,1324,1443,858,1374,844,1232,1135,887
1044,946,1388,1224,1237,1161,1232,1048,1057,1401,1372,940,1298,966,1263,983,902
988,1588,1179,1257,1143,1356,781,910,1057,1152,1675,861,1399,832,1123,1169,762
981,1488,539,1226,992,916,1629,1318,1067,1502,1071,946,1010,985,1211,1488,297
866,1123,1039,1194,1284,1116,1423,1235,1143,1434,1173,846,1477,886,1238,1083,180
1135,702,652,1295,1368,1521,1575,989,1059,1561,1397,1027,1160,831,1343,902,783
1087,1731,848,1258,1116,814,1362,768,1150,1555,1246,1056,1109,897,1112,1155,14
1223,1527,574,1197,1013,1424,1410,701,1138,1499,1109,1048,995,977,1199,1315,143
710,1523,858,1304,1094,1275,1318,955,1212,1523,1001,1074,971,905,1453,1089,351
1669,1324,616,1167,936,1063,1209,1071,1096,1493,1174,977,1035,943,1262,1300,36
916,1417,1140,1629,886,1184,943,1083,995,1405,1502,891,1511,971,1100,905,444
1315,1636,823,1268,956,983,1312,768,1075,1403,1214,950,1187,886,1162,1403,307
992,669,1508,992,1285,1209,1413,1185,1079,1428,1000,910,1382,770,1235,1476,333
1507,1456,964,1018,980,1145,1209,834,1079,1435,1268,948,1037,982,1218,1306,390
1570,1557,784,1270,978,899,1161,819,1195,1222,1153,1096,1022,966,1230,1396,28
1524,1263,1581,896,1063,936,1095,575,1014,1237,1046,947,1266,999,1273,1498,957
820,1504,1049,1429,923,1672,963,821,1077,1419,1451,934,1281,855,1151,1112,879
1547,1525,1296,1071,1043,909,1057,682,1040,1251,1141,972,1431,856,1182,1407,945
882,1017,883,999,1343,920,1676,1482,1039,1487,1073,991,1388,808,1272,1222,207
1102,1537,790,1333,1009,1470,1002,1029,1076,1343,1379,1054,1067,986,1009,1366,564
946,1265,832,1425,1144,1666,1241,669,1011,1355,1380,917,1425,863,1249,1080,540
987,839,1200,1219,1185,1516,1314,894,1037,1491,1380,896,1240,870,1184,1182,709
555,1678,1242,1456,1065,1298,1150,693,1004,1393,1527,914,1321,952,1129,1033,645
1404,1539,872,740,1377,1296,1311,642,1015,1257,1665,806,1354,738,1017,1073,916
1018,1191,966,1093,1061,1356,1036,1500,1049,1468,1304,1052,1126,916,1195,1170,485
1072,1640,750,995,1113,670,1566,1340,1041,1426,1079,1136,1076,846,1405,1271,361
1495,1351,1429,950,952,1005,1066,1023,930,1324,1669,950,1310,858,1024,1087,917
1164,1583,1277,985,1233,1137,935,886,1064,1252,1458,1027,1191,907,1177,1100,762
1386,1165,710,1334,1024,1400,1226,943,1099,1460,1442,978,1061,899,1356,985,783
847,1208,699,1325,1133,1510,1423,827,1186,1440,923,1087,1245,1009,1299,1091,148
959,1372,847,1204,1071,895,1578,1246,1055,1452,1106,877,1179,987,1194,1430,297
1100,1290,1249,1236,1280,1364,869,892,1033,1431,1408,969,1353,903,1148,1035,887
841,1570,863,1352,888,1513,1134,1065,1052,1370,1372,927,1352,982,1208,1017,472
1284,1591,912,1354,1102,822,1177,924,1033,1512,1207,985,1296,929,1236,1082,947
864,1209,1016,1123,1199,1160,1472,1175,1044,1438,974,907,1356,983,1289,1285,180
815,1313,848,1540,1210,1512,991,850,1138,1514,973,932,1422,967,1102,1224,724
1034,1624,869,1561,856,1022,1338,956,1012,1559,1276,961,1452,921,1182,917,444
1667,1353,1141,1240,1009,731,885,713,1037,1341,996,1163,1085,1007,1183,1447,991
997,1744,621,1394,970,988,1511,781,1285,1642,1112,1050,872,1007,1204,1057,14
856,1217,1031,1184,1103,1477,1059,1116,1054,1371,1362,871,1375,849,1045,1302,879
931,1536,872,1409,1184,1026,1200,1046,1074,1604,1058,954,1119,815,1308,1348,351
1376,1036,1308,907,1220,831,1445,1093,1050,1204,1262,970,1312,876,1296,1310,333
1083,947,1290,857,1298,1506,1428,817,1021,1494,1707,833,1194,910,1155,926,709
763,1161,1040,970,1185,1226,1626,1301,1096,1481,1113,869,1481,814,1094,1331,207
1466,1381,928,856,1135,1541,1128,824,1005,1225,1634,864,1476,687,1030,1074,916
1366,1374,1467,978,964,1097,813,842,1029,1208,1140,957,1344,866,1057,1657,945
1393,1329,729,1227,1058,1291,1375,878,1062,1527,1046,1050,917,995,1260,1420,143
1410,1217,938,1060,1078,1006,1427,1057,1098,1266,1134,920,1375,1008,1252,1227,390
618,1190,842,1367,1532,1723,1156,732,1091,1543,1339,944,1325,891,1222,925,540
975,1687,741,1362,1021,1047,1265,717,1156,1381,1170,958,1144,835,1214,1422,307
857,1518,1196,1321,1113,1314,1053,797,981,1409,1654,807,1428,894,919,1058,645
951,1204,819,1098,1299,1131,1258,1520,1064,1469,1331,1112,1067,865,1415,952,485
1072,1378,1372,1131,1259,1140,1026,902,1033,1390,1567,911,1279,901,1155,998,887
1623,931,1049,1401,956,1071,1137,1019,1245,1247,1074,1082,1123,823,1366,1320,28
1560,1120,982,1059,953,912,1371,1159,1104,1522,1144,1008,1010,962,1238,1292,36
1407,1136,1486,1218,990,1062,1031,803,1071,1340,1138,885,1393,867,1118,1468,957
1002,1004,834,1323,1329,1292,1465,1031,1155,1426,1097,1254,964,964,1549,871,902
1591,1393,1543,843,1048,793,1184,848,963,1351,1712,1006,1254,860,1068,1032,917
1189,1155,1005,918,1290,841,1406,1380,1053,1236,1119,939,1161,923,1195,1580,361
