l5e1,l5e2,l5e3,l5e4,l5e5,l5e6,l5e7,l5e8,l7e1,l7e2,l7e3,l7e4,l7e5,l7e6,l7e7,l7e8,maj_class
1060,911,1376,1044,1416,1449,979,1045,979,1388,1379,984,1307,950,1271,1022,887
1531,1670,1151,1177,1282,512,1194,551,955,1552,1154,1021,1275,897,1143,1283,947
1077,1186,454,1134,1226,644,1619,1558,1056,1385,969,1007,867,941,1353,1628,297
1665,1186,1551,833,1122,782,1091,942,997,1204,1671,1057,1147,974,1122,1056,917
1744,1031,1242,1091,990,745,1259,822,1216,1173,1135,1052,1166,855,1264,1419,28
927,1415,882,1164,1164,1720,1249,688,1143,1511,1275,964,1260,943,1208,976,472
1361,816,1589,975,1012,1395,1274,843,1083,1356,1599,871,1217,920,1281,940,709
1298,1244,765,1367,1274,1247,1365,699,1097,1355,916,995,1027,877,1560,1453,307
1037,1100,1381,1011,1269,1309,1160,1013,1071,1251,1429,974,1429,966,1241,919,879
791,971,472,1277,1035,1744,1314,904,1343,1363,856,953,1125,1042,1465,1133,148
1744,976,1744,772,1047,725,1000,640,997,1204,852,977,1383,1002,1298,1567,957
1139,505,1242,821,1550,1078,1629,1266,1088,1277,1037,984,1164,907,1300,1523,333
1647,1369,869,650,1343,1383,1316,687,1009,1123,1730,828,1434,675,1069,1059,916
853,1388,1234,958,1581,1339,795,1124,1061,1172,1646,855,1323,835,1132,1114,762
1022,812,721,925,1196,1474,1435,1545,1141,1517,1337,1139,801,943,1417,985,485
715,1411,956,1684,1068,1177,1126,1039,1009,1491,1324,926,1561,836,1160,929,444
847,1232,843,1417,1082,1581,873,1115,964,1278,1593,1018,1220,960,1050,1158,564
1171,1668,572,1277,1020,874,1586,629,1265,1618,1177,1016,982,921,1168,1100,14
1744,1442,1330,1051,1175,399,976,537,1016,1449,795,1117,951,1012,1215,1664,991
814,1652,622,1308,1277,1068,1399,860,1139,1581,809,1052,911,865,1542,1344,351
830,878,709,944,1456,1200,1744,1220,1115,1598,994,1001,1323,855,1257,1137,207
668,1634,1091,1552,1386,914,1078,674,930,1285,1640,777,1559,905,980,1108,645
1683,1557,1484,926,1085,758,1027,711,1081,1221,945,1010,1435,738,1138,1630,945
1288,1141,496,1227,1202,1598,1606,709,1130,1435,1019,1097,763,1101,1382,1353,143
718,1298,513,1694,1137,1744,1199,716,1104,1391,887,1162,1462,992,1228,1054,724
981,1226,557,1048,1351,1142,1626,1297,1056,1255,948,1008,1072,952,1343,1616,361
1744,1240,1148,876,1021,833,1187,960,1108,1445,1139,850,1128,916,1170,1524,390
968,508,837,1374,1675,1096,1675,1083,1154,1447,1201,1149,956,966,1600,778,902
724,1265,514,1629,1375,1744,1031,685,1115,1423,1148,1022,1347,900,1337,988,540
1744,1344,746,980,1036,854,1224,1243,1107,1318,1023,1051,980,1030,1294,1439,36
1595,663,674,1332,1315,1339,1406,830,1115,1410,1548,1044,1122,909,1355,747,783
872,1002,1182,1059,1205,1063,1547,1333,1079,1405,984,948,1413,1008,1251,1181,180
848,991,685,1304,1071,1744,1224,901,1224,1336,1062,1073,1209,976,1361,1039,148
1664,1359,1706,702,813,779,850,924,1002,1153,1721,1028,1149,961,1070,1042,917
1351,1424,1042,619,1444,1465,1373,562,1032,1281,1744,751,1437,607,1059,978,916
1249,1744,1025,1303,1356,506,1068,752,1063,1510,1442,848,1206,879,1223,1109,947
865,1623,1121,1177,1012,1455,1077,928,1148,1320,1202,901,1477,971,1155,1106,472
861,1307,1586,1355,939,1277,956,932,1127,1218,1507,819,1654,810,1148,954,879
895,1744,569,1489,968,825,1477,607,1261,1444,1133,1207,1005,867,1210,1153,14
929,1335,1464,1275,1198,1224,911,940,1033,1348,1592,924,1449,906,1151,864,887
908,1629,520,1165,1022,808,1585,1535,1099,1442,1011,947,860,986,1222,1607,297
729,755,1279,837,1547,1205,1443,1344,1020,1309,1020,977,1362,852,1318,1422,333
600,1722,552,1435,1338,1066,1449,802,1201,1591,953,1060,876,891,1591,1088,351
810,1596,1266,1075,1367,1326,693,1081,959,1257,1738,799,1340,798,1020,1220,762
1354,1638,730,1400,1085,1102,1209,762,1004,1407,1146,928,1195,873,1306,1421,307
1668,762,1744,897,1182,781,1055,594,1005,1021,887,978,1511,841,1368,1666,957
1621,1215,622,1113,858,1254,1245,1194,1194,1436,835,1104,857,1084,1337,1433,36
578,1280,733,1039,1435,933,1732,1219,1125,1512,1081,884,1507,783,1208,1180,207
1739,1506,1130,1364,845,819,798,578,957,1405,974,1033,1054,993,1151,1619,991
1532,1445,1608,905,1071,813,913,779,1139,1088,1093,953,1416,771,1146,1615,945
1395,1381,862,1197,1171,1307,1145,801,1064,1299,1105,1201,879,1084,1300,1348,143
877,615,1306,1401,1400,1138,1389,1126,1075,1458,1468,1169,1103,920,1320,749,902
1326,852,1489,945,1092,1291,1349,936,1021,1422,1554,931,1256,861,1137,1098,709
703,1184,1158,1090,1270,941,1532,1372,1088,1451,1071,919,1481,888,1148,1209,180
688,1472,834,1688,1011,1376,1150,911,1108,1557,1318,999,1488,873,1275,653,444
1025,972,609,943,1034,1689,1274,1504,1070,1458,1617,1071,895,887,1334,901,485
606,1538,1390,1464,1309,1028,1168,706,1095,1360,1465,879,1425,981,1070,1005,645
954,1602,661,1101,1228,1001,1542,1136,1133,1272,973,991,1009,991,1364,1547,361
854,983,577,1168,1062,1744,1188,1051,1194,1289,1117,1003,1305,1023,1244,1105,148
1129,726,1507,1078,1398,1471,901,981,994,1444,1321,1082,1303,887,1104,1145,887
1679,1616,1008,638,1118,1223,1249,731,981,1159,1742,765,1514,679,979,1099,916
654,1100,572,1612,1369,1739,1026,760,1095,1470,1156,966,1507,916,1219,951,540
1728,1425,1109,1039,966,446,1028,860,1216,1262,1221,1113,1086,844,1118,1420,28
899,1597,646,1632,858,667,1538,801,1158,1540,1374,1089,1062,902,1074,1081,14
1674,1512,1112,819,1006,856,1133,999,1038,1459,1168,984,1185,957,1096,1393,390
1612,1599,982,1247,1231,512,1091,654,962,1628,1299,1022,1161,857,1180,1132,947
1385,727,766,1334,908,1581,1279,1049,1223,1406,1574,912,1154,886,1171,906,783
551,1300,708,1640,1346,1699,928,661,1109,1520,892,1069,1382,1068,1146,1092,724
755,1487,896,1325,1294,1706,812,858,1017,1204,1677,1038,1225,921,1077,1020,564
795,438,1561,759,1473,1192,1596,1406,1095,1332,1069,925,1395,792,1227,1445,333
691,1639,622,1457,1052,859,1446,1077,1206,1595,776,1023,927,840,1598,1280,351
924,1447,631,1015,972,900,1617,1515,1134,1352,1032,956,1045,874,1260,1510,297
1328,1399,991,1292,955,1312,1184,591,1080,1419,1135,921,1074,849,1267,1535,307
844,1043,619,1113,961,1608,1090,1613,1171,1469,1482,1070,788,902,1404,994,485
1036,1689,1197,1164,1333,1153,588,1001,1003,1282,1670,923,1287,867,1088,1138,762
698,1427,1099,1298,1192,1535,1197,834,1150,1421,1311,966,1255,891,1200,1086,879
678,917,677,816,1556,1088,1744,1468,1152,1444,1032,888,1443,829,1191,1279,207
1613,1174,1633,852,1003,923,934,972,1072,1275,1694,911,1180,920,1080,1086,917
865,877,993,1141,1422,1744,1011,951,1134,1382,916,1196,1218,1033,1353,1048,148
932,923,655,1389,1217,1574,1504,946,1113,1433,875,1138,891,1069,1396,1365,143
1586,973,1744,772,1034,820,1000,673,1036,1287,919,946,1317,1003,1235,1537,957
911,573,1176,1607,1214,1378,1256,1091,1087,1328,1409,1088,1092,993,1412,849,902
911,1493,860,1116,924,1700,1314,739,1122,1434,1308,1078,1325,947,1038,1023,472
676,1067,956,1073,1313,1105,1577,1380,851,1361,934,859,1319,834,1062,1744,361
1744,1584,1113,991,983,440,1060,659,992,1481,957,1049,925,1027,1225,1583,991
1603,1423,1608,849,845,761,785,748,1009,1068,1013,939,1443,844,1090,1630,945
1710,1209,1078,1211,952,754,1163,904,1215,1208,1064,1064,1109,956,1206,1458,28
1625,1030,1026,1041,921,1065,1028,1290,1092,1360,1154,1011,1041,928,1179,1515,36
693,1319,1107,1228,1111,944,1603,1241,1104,1488,1032,954,1333,1007,1358,1004,180
562,1285,1148,1744,845,1398,1009,1110,1070,1531,1197,935,1504,833,1271,926,444
1312,1744,717,1231,950,676,1468,736,1262,1477,1219,1058,1068,880,1155,1161,14
1460,1388,886,699,1279,1574,1373,621,931,1160,1744,765,1606,582,961,1109,916
590,1573,1249,1438,1283,889,1076,775,963,1350,1464,876,1470,900,1077,1077,645
1256,766,1535,1126,842,1639,1255,818,1056,1407,1562,988,1145,964,1267,891,709
1387,730,770,1285,1033,1629,1387,975,1092,1367,1660,997,1145,849,1297,816,783
1010,1224,1542,1038,1287,1406,860,903,1042,1239,1560,969,1356,952,1210,952,887
718,1145,729,1636,1407,1744,1083,575,1057,1448,1093,960,1487,976,1295,964,540
1698,1536,1154,888,876,689,1115,856,1068,1387,1223,947,1236,982,1103,1334,390
681,1720,674,1462,1098,997,1197,842,1187,1509,851,965,1017,888,1486,1377,351
759,1426,958,1393,1116,1721,750,971,1043,1291,1660,1089,1098,978,1054,1026,564
1396,761,1282,754,1314,1055,1459,1233,995,1129,1267,950,1466,831,1158,1484,333
866,1638,1264,985,1346,1318,617,1114,1045,1177,1655,958,1270,799,1095,1254,762
662,1589,668,1126,1317,780,1569,1144,1105,1379,1061,815,1089,983,1274,1562,361
723,1162,1065,1296,1113,1589,1214,1044,1126,1298,1427,926,1409,1015,1169,910,879
778,1070,626,1258,1115,1741,1172,933,1209,1352,892,1021,1282,1037,1300,1187,148
561,1207,741,908,1321,1121,1744,1365,1148,1525,1055,895,1445,836,1400,976,207
1308,1479,1549,1081,1206,899,924,608,988,1161,1128,938,1566,711,1116,1640,945
1186,1072,609,874,941,1650,961,1672,1139,1284,1426,1127,885,933,1457,1029,485
587,1514,559,1708,1304,1636,1053,731,1095,1417,1185,972,1559,903,1057,1078,724
1128,1391,618,1279,1090,1473,1440,698,1186,1294,875,1122,901,1047,1426,1429,143
1137,1672,873,1179,789,1104,1535,652,1081,1405,1205,935,1068,875,1323,1382,307
961,1544,543,956,887,718,1744,1660,1144,1321,1022,914,922,990,1310,1582,297
877,1744,597,1434,806,898,1546,625,1298,1594,1250,1060,955,939,1086,1098,14
571,1527,1150,1662,900,1117,1116,1143,1033,1491,1369,933,1518,872,1160,864,444
801,1469,846,1270,864,1738,1066,907,1151,1433,1245,984,1310,924,1277,956,472
1631,959,1744,781,900,642,1042,568,1107,1174,1074,909,1326,865,1340,1485,957
626,1322,842,1266,1129,1352,1539,1204,1207,1409,1023,920,1262,939,1419,1101,180
1736,1614,1085,1318,1101,535,779,480,987,1531,1052,1065,984,932,1169,1560,991
677,1733,1323,1519,1199,889,964,702,916,1346,1681,841,1609,878,915,987,645
826,503,1185,1344,1581,1053,1535,1149,1189,1444,1298,1092,1084,868,1536,765,902
1574,1493,1030,1161,1238,569,1216,805,1051,1591,1307,933,1154,934,1129,1181,947
1178,830,662,1534,1161,1340,1387,1131,1042,1377,1581,1040,1070,907,1389,868,783
1377,824,1266,1076,1149,1501,1502,585,1049,1541,1496,932,1230,839,1346,847,709
1744,1381,1172,1369,762,838,932,909,1273,1133,1096,1054,1146,792,1246,1540,28
955,1444,1386,972,1428,1227,664,1201,1092,1218,1636,980,1172,856,1121,1120,762
1664,1392,1681,833,807,721,996,825,1086,1175,1671,1000,1099,944,1031,1169,917
936,757,1504,795,1445,1067,1412,1308,1040,1277,1267,850,1436,835,1149,1426,333
895,1234,1436,1092,1088,1566,932,939,990,1379,1625,958,1317,938,1144,929,887
1458,1249,746,1174,962,1267,1065,1158,1122,1417,1063,1067,975,953,1338,1345,36
654,1273,782,1304,1213,1744,755,1152,1006,1257,1624,1026,1178,995,1063,1056,564
712,1141,611,1564,1465,1712,1221,572,1083,1653,1028,969,1294,895,1301,1057,540
1147,1433,633,975,1186,1022,1560,1226,1119,1432,1056,1023,904,974,1292,1472,361
1569,1379,1032,735,1334,1367,1152,599,1045,1010,1744,838,1593,614,1057,815,916
678,1100,869,828,1602,895,1744,1203,1176,1571,1097,820,1502,778,1135,1201,207
905,1366,1192,1204,1139,1455,1116,797,1147,1268,1522,961,1372,900,1078,1011,879
1150,1311,800,1312,1010,1647,1262,710,1150,1310,1229,1114,905,1047,1270,1255,143
572,1652,559,1259,1107,1518,1402,850,1127,1560,751,1196,843,914,1646,1243,351
1725,1581,1006,846,914,813,1077,911,1132,1379,1306,973,1144,985,1144,1217,390
671,822,643,1374,1206,1744,1189,986,1250,1411,992,1032,1198,1027,1501,869,148
1516,1293,1713,1056,1038,672,996,779,1042,1283,989,1035,1302,976,1331,1322,957
1040,1689,649,1605,812,848,1519,655,1187,1550,1117,1151,1031,925,1119,1194,14
650,552,1015,1516,1524,1362,1572,1067,1096,1558,1413,1174,949,926,1505,659,902
593,1356,838,1734,1267,1593,992,717,1171,1494,1012,1057,1510,921,1087,1028,724
367,1450,797,1640,1178,1568,1188,990,1115,1496,1314,949,1485,893,1143,885,444
1666,1444,1744,835,1032,907,821,523,1151,1139,1103,913,1456,756,1151,1585,945
1096,1699,1391,872,1214,1312,654,1004,1041,1112,1693,889,1273,837,1089,1312,762
1370,653,810,1397,922,1635,1472,995,1094,1597,1574,1095,1107,818,1248,665,783
512,1497,1114,1192,1233,899,1536,1230,1117,1547,1118,863,1398,870,1309,1058,180
906,1394,459,1196,1070,743,1671,1561,1125,1377,1022,864,1091,861,1174,1675,297
1436,1495,1030,1444,927,999,1157,663,1016,1193,1262,1028,1196,914,1247,1409,307
1744,1253,988,1221,806,788,1036,945,1262,1143,976,1137,1016,858,1329,1559,28
1640,1256,1595,904,937,966,825,760,1018,1094,1744,945,1372,833,988,999,917
1744,1590,1280,1221,882,557,941,720,975,1547,1090,987,1008,877,1121,1603,991
1059,1022,956,933,913,1571,1190,1545,1146,1349,1594,1105,845,931,1237,927,485
313,1686,1217,1677,1208,1232,1010,673,882,1285,1727,779,1669,955,990,844,645
936,1458,929,1278,925,1554,1126,938,1152,1479,1347,1056,1309,946,1157,834,472
1368,1627,1170,1221,1160,701,1153,792,1027,1570,1181,876,1203,928,1151,1344,947
1696,1318,743,1069,980,1106,1104,1153,1078,1360,1122,944,1035,998,1188,1555,36
1188,771,1470,1038,918,1565,1404,848,1023,1594,1660,990,1067,867,1142,820,709
674,1434,1226,1335,1200,1350,1063,871,1119,1323,1486,869,1412,942,1110,962,879
1699,1396,1176,1104,838,1027,1109,782,1088,1353,1254,934,1140,914,1137,1460,390
589,1287,699,1590,1344,1686,1202,600,1103,1491,1076,949,1329,987,1322,1023,540
910,700,1534,754,1554,837,1632,1273,1023,1480,1199,1025,1253,881,1183,1236,333
758,1090,1291,1380,1207,1671,806,953,966,1218,1690,911,1415,953,994,1081,564
1188,919,1384,982,1244,1525,858,987,1044,1236,1686,951,1411,844,1161,923,887
1075,1114,879,1111,1136,1382,1258,1325,1008,1217,1074,860,1234,898,1300,1607,361
1248,1560,680,1260,1105,1460,1146,631,1050,1385,1010,1143,846,1166,1345,1335,143
1548,1199,1715,1182,970,914,831,695,1039,1200,1059,946,1460,992,1202,1369,957
1719,1406,948,566,1489,1296,1193,519,942,1164,1744,736,1571,494,973,1176,916
887,1629,906,1480,911,709,1393,827,1262,1512,988,1173,1044,926,1182,1184,14
1742,1528,620,1292,898,828,1287,993,1299,1240,1074,966,1090,874,1187,1482,28
586,1605,879,1744,840,1234,1120,1028,1161,1626,1260,911,1529,848,1116,829,444
1362,1369,709,1310,1023,1114,1313,683,1117,1326,1131,945,1122,856,1381,1356,307
655,769,888,1521,1461,1461,1525,999,1109,1312,1376,1044,1115,1096,1512,716,902
973,1638,673,1203,1205,913,1326,943,1239,1522,839,1084,831,880,1593,1292,351
1723,1432,1555,808,1009,648,906,582,1119,1147,1069,947,1452,797,1241,1508,945
746,1015,491,1392,1063,1744,1363,916,1330,1390,898,1042,1154,934,1466,1066,148
547,1486,942,999,1418,1089,1628,1115,1079,1664,1044,938,1298,929,1320,1005,180
625,1202,867,814,1475,995,1717,1171,1131,1466,1148,922,1452,790,1255,1109,207
1744,1499,1329,1159,1075,346,863,511,1027,1455,944,1123,920,993,1275,1543,991
514,1445,524,1710,1184,1744,1181,649,1210,1494,987,998,1357,1092,1182,960,724
787,1497,1460,1012,1403,1127,808,1107,1059,1246,1710,911,1266,782,1174,1032,762
1261,922,790,965,970,1379,1350,1470,1118,1581,1555,1081,789,906,1364,880,485
1584,1447,1469,911,863,941,917,942,1022,1243,1657,991,1120,958,1074,1214,917
1580,1485,814,1318,887,707,1217,1044,1133,1388,1181,1059,1062,940,1225,1292,36
1091,1139,1015,1176,1017,1514,1402,891,1066,1554,1490,1029,1062,934,1340,805,709
797,1387,626,1040,1142,696,1698,1561,1062,1397,1048,1009,879,1012,1320,1553,297
1299,632,729,1502,1077,1457,1390,1111,1116,1433,1469,1159,988,896,1382,821,783
1009,1097,1544,1151,1281,1460,862,820,1011,1314,1384,1002,1448,852,1155,1114,887
902,1631,777,1229,1007,1604,945,674,1105,1305,1392,968,1361,1028,1133,988,472
905,1228,1193,1541,965,1591,1019,809,1179,1181,1529,912,1464,904,1102,1009,879
597,1744,1204,1671,1138,772,1017,686,869,1469,1613,844,1526,1002,972,885,645
1651,1597,1093,1269,1257,712,969,525,920,1429,1342,945,1335,856,1089,1364,947
1564,1454,1273,1077,830,808,1183,861,1017,1413,1287,1030,1251,1006,1118,1158,390
1495,1326,680,516,1298,1651,1489,660,1136,1163,1743,856,1351,656,1094,1104,916
1067,1177,511,1103,1344,1185,1572,1243,1114,1372,822,1008,946,957,1401,1619,361
1692,1493,1262,1353,800,515,1144,927,1199,1113,1148,1002,1274,812,1189,1543,28
1270,1189,569,1250,1045,1628,1415,688,1146,1322,917,1101,803,1105,1441,1445,143
1687,775,1744,835,1061,841,903,602,985,1079,781,893,1450,956,1345,1637,957
710,1744,741,1319,1005,1005,1337,879,1106,1645,826,1013,897,937,1635,1208,351
585,1154,640,1669,1433,1744,1079,498,1044,1541,1105,1105,1399,885,1197,1004,540
792,1429,1104,1103,1018,882,1534,1354,1148,1424,1238,837,1475,892,1201,1065,180
1321,1615,683,1348,1197,932,1290,694,1061,1420,1268,1008,1128,875,1240,1280,307
1209,597,1536,731,1361,990,1375,1384,1084,1172,1136,1008,1432,865,1182,1401,333
729,1329,977,1524,1220,1685,640,890,951,1306,1560,1019,1321,893,952,1258,564
1589,1527,1671,900,752,697,817,524,1084,1009,994,1052,1433,867,1172,1602,945
747,1666,654,1510,832,1039,1674,620,1241,1561,1074,1155,886,845,1230,1212,14
648,1674,1012,1643,989,1016,1025,1045,1011,1447,1533,879,1540,880,1111,860,444
907,760,1188,1415,1466,1140,1320,1084,1168,1443,1529,1043,1167,833,1413,665,902
523,1044,937,921,1492,1123,1744,1309,1109,1574,961,901,1340,915,1195,1285,207
895,1494,869,1361,996,1596,1110,810,1119,1396,1274,988,1350,983,1133,1037,472
1744,1354,1452,1142,886,435,883,530,1066,1279,850,1191,917,1006,1303,1644,991
762,1621,1154,1042,1209,1428,631,1197,1031,1188,1706,887,1308,843,1067,1204,762
1570,1131,836,982,950,1160,1334,1274,996,1546,1074,1019,1020,897,1169,1502,36
1251,591,729,1491,1248,1434,1372,1093,1099,1377,1724,977,1277,784,1152,702,783
524,1354,517,1735,1300,1698,1105,700,1076,1610,1001,1034,1407,1034,1172,946,724
750,1520,444,1199,1056,737,1744,1523,1179,1393,1080,937,921,963,1182,1625,297
985,847,673,1448,938,1744,1145,931,1154,1306,1064,1048,1397,1020,1251,1040,148
1621,1354,1568,829,997,1006,981,856,1029,1317,1617,974,1075,927,1089,1101,917
1008,1185,689,942,841,1649,1029,1679,1113,1414,1551,1106,766,990,1324,1016,485
1175,658,1459,964,1042,1599,1498,772,1044,1536,1651,959,1136,897,1200,837,709
1593,1254,1106,1148,996,727,1153,916,1206,1259,1296,1035,1092,779,1134,1478,28
714,1228,1332,1411,1101,1566,900,982,1062,1155,1573,909,1561,819,1163,1008,879
1189,1060,1518,1141,1105,1487,840,904,1063,1232,1560,974,1373,850,1141,1081,887
924,1604,707,1083,1183,887,1559,1154,1084,1332,1115,956,1088,881,1295,1413,361
1717,1511,965,950,988,687,1150,936,1043,1508,1302,1031,967,1000,1128,1298,390
1629,961,1723,1053,1012,586,732,790,1087,1137,926,879,1465,856,1295,1572,957
1686,1519,627,664,1315,1500,1220,637,1033,1079,1744,811,1538,545,990,985,916
1732,1629,1058,979,1263,668,1029,696,1005,1433,1420,911,1177,931,1112,1291,947
1350,1358,588,1110,1014,1538,1403,635,1125,1321,986,1123,828,1112,1388,1397,143
573,1744,1200,1550,1312,817,1075,676,952,1402,1662,828,1445,1084,967,940,645
1632,1476,1699,851,969,851,838,625,1087,1088,898,1039,1446,862,1062,1652,945
1403,1578,781,1220,1143,1008,1447,567,1053,1316,1276,879,1123,937,1240,1456,307
642,1348,1254,1198,1119,793,1583,1258,1064,1446,1052,833,1572,927,1155,1190,180
846,1713,813,1362,1287,1080,1119,970,1032,1589,890,1049,1042,847,1395,1436,351
994,726,1572,684,1432,988,1619,1171,1094,1260,1205,1002,1329,872,1238,1280,333
896,1113,840,727,1450,1086,1618,1149,1213,1462,1153,1012,1303,814,1328,995,207
676,1577,907,1675,870,1054,1169,1092,1083,1482,1360,935,1555,855,1137,873,444
1049,918,1682,1023,1377,1396,741,996,1089,1355,1424,1052,1322,908,1172,958,887
874,1744,560,1603,801,850,1466,578,1223,1636,1204,1019,1098,738,1101,1261,14
1109,875,647,1023,991,1653,1176,1634,1113,1353,1501,1147,888,1027,1309,942,485
1592,1146,1293,1141,895,976,1188,707,1271,1218,1178,1104,1172,802,1260,1275,28
778,1707,972,1148,852,1603,1237,717,1141,1346,1416,972,1387,1064,1052,871,472
852,1272,981,1366,1316,1559,821,1044,1005,1286,1610,993,1287,953,993,1090,564
874,1679,1325,1055,1343,1232,605,1033,958,1043,1744,814,1483,835,969,972,762
1397,788,671,1300,1133,1323,1386,1282,1112,1307,1594,1058,1118,926,1306,836,783
1035,1295,540,1323,989,1088,1514,1481,1058,1320,1071,902,1119,874,1186,1670,297
1000,443,1128,1325,1218,1550,1553,953,1171,1518,1317,1120,1107,866,1436,745,902
1228,807,1626,797,806,1624,1459,726,1029,1413,1630,1016,1108,894,1168,947,709
697,1282,1419,1140,1162,1628,1093,845,1059,1288,1450,967,1460,906,1154,996,879
1484,1161,1576,1006,1020,943,931,970,1072,1236,1701,972,1314,851,1033,905,917
619,1598,525,1665,1300,1531,1092,786,1145,1445,999,1041,1322,976,1095,1257,724
1587,1513,705,1099,952,1235,1207,925,1106,1404,1129,1052,1025,952,1235,1377,36
526,1671,1313,1566,1128,930,1155,630,987,1469,1686,885,1510,919,907,902,645
1644,1720,1086,1386,966,574,871,557,1040,1489,1176,877,1260,861,1131,1446,947
845,1633,576,1041,1233,753,1652,1342,1193,1544,986,934,939,892,1282,1510,361
1712,1664,1340,1101,905,389,900,579,944,1484,1030,1084,1054,984,1110,1575,991
1744,924,1744,935,1046,642,939,616,992,1216,1048,957,1444,955,1243,1425,957
1520,1470,901,640,1369,1403,1303,636,999,1182,1744,816,1505,651,1042,930,916
566,1284,685,1611,1454,1691,1072,649,1046,1492,1169,1021,1394,913,1242,1003,540
764,1110,612,1349,1216,1744,1153,766,1268,1336,1033,1055,1263,1090,1304,931,148
871,1003,1067,991,1293,1041,1654,1334,1112,1376,1132,961,1427,879,1326,1067,180
1660,1248,1118,1088,970,805,964,1044,1005,1482,1403,935,1196,947,1214,1098,390
991,1667,860,1310,937,1079,1385,519,1001,1334,1230,1047,1104,934,1279,1351,307
781,1744,502,1304,1251,1254,1239,712,1113,1570,884,1051,855,888,1566,1353,351
950,1744,576,1541,1105,626,1588,618,1180,1682,1194,1147,924,865,1081,1163,14
1097,1043,1566,1039,1294,1222,923,983,1090,1365,1429,949,1381,863,1243,960,887
1639,1532,1641,642,1053,842,1035,533,1107,1197,1059,1077,1340,791,1118,1591,945
711,847,1043,909,1550,1019,1654,1335,1101,1374,1139,866,1521,833,1237,1209,207
1049,1197,749,1011,807,1424,1207,1696,1109,1458,1449,1112,789,968,1375,1020,485
935,693,1437,885,1253,1339,1455,1210,1016,1241,1244,940,1433,873,1164,1369,333
1074,970,704,1370,1142,1582,1422,781,1128,1407,1072,1160,835,1058,1426,1194,143
1700,1427,1207,1290,720,853,1097,894,1260,1217,1059,1051,1018,893,1309,1473,28
765,1293,1097,1629,1082,1052,1157,1084,1094,1530,1317,904,1572,828,1191,844,444
777,1125,1366,1300,1230,1664,677,965,906,1220,1721,1033,1356,872,974,1132,564
951,1448,1422,990,1438,1458,614,959,1003,1192,1686,905,1297,828,1086,1243,762
1294,872,1572,1023,764,1607,1271,836,1031,1418,1651,892,1350,810,1010,1102,709
1114,897,550,1065,1016,941,1692,1685,1138,1303,830,883,909,973,1256,1704,297
1447,820,683,1358,1150,1261,1391,1130,1094,1422,1602,1211,1015,835,1220,813,783
779,625,1187,1417,1430,1126,1370,1132,1184,1452,1195,1231,1007,954,1432,825,902
1569,1192,1017,557,1353,1364,1319,840,964,1100,1744,784,1542,639,942,1049,916
1394,1360,1640,776,1078,758,1193,921,1033,1243,1677,938,1328,840,1015,1139,917
581,1301,603,1744,1277,1594,1185,777,1121,1482,1073,941,1556,906,1140,1050,724
1662,1323,936,1051,850,1044,1185,1063,1091,1371,1005,1033,1077,968,1191,1535,36
1588,924,1744,766,1139,705,910,799,1008,1270,1045,915,1431,910,1227,1474,957
658,1275,1236,1179,1080,1554,1163,880,1091,1310,1391,804,1562,888,1096,1113,879
618,1044,1271,1012,1275,1042,1582,1422,1151,1438,902,940,1324,961,1287,1277,180
842,1414,941,890,1224,912,1564,1446,1032,1289,924,986,1041,970,1406,1621,361
1473,1706,997,1209,1184,614,1116,785,1058,1544,1239,992,1192,919,1179,1157,947
781,1412,1072,1325,1041,1641,928,838,1094,1381,1322,922,1408,924,1202,1027,472
760,800,759,1291,1144,1744,1241,864,1274,1247,834,1003,1308,1094,1369,1151,148
730,1623,1418,1485,1147,891,997,863,944,1359,1663,807,1547,913,1008,942,645
530,1215,832,861,1458,965,1744,1326,1154,1541,1021,956,1512,828,1279,989,207
1361,1538,689,1324,961,1263,1393,688,1118,1134,1028,1010,1115,929,1412,1516,307
520,1043,574,1623,1471,1744,1165,540,1082,1460,952,1145,1445,926,1376,894,540
933,1019,1533,1097,1341,1519,873,898,1063,1425,1527,961,1346,893,1132,932,887
924,1011,710,962,1097,1490,1415,1504,1049,1557,1377,1090,963,969,1290,985,485
886,568,1445,714,1456,1095,1658,1205,1105,1331,1125,1009,1406,801,1196,1307,333
985,1322,620,1386,1157,1329,1423,774,1017,1411,1019,1166,943,1084,1280,1360,143
1722,1543,1271,1125,939,374,990,758,951,1554,915,1138,945,968,1132,1677,991
1605,1502,1598,921,1090,907,842,501,1077,1228,1104,934,1507,760,1130,1540,945
1085,1744,725,1175,892,726,1597,747,1261,1587,1140,1087,960,898,1195,1132,14
1739,1415,1159,918,909,759,1106,1064,1044,1395,1291,816,1247,850,1088,1548,390
1744,1027,997,1194,1120,880,1260,876,1167,1213,1279,1088,1096,849,1199,1365,28
1310,1025,1261,1071,1107,1335,1261,852,1007,1359,1554,885,1184,924,1264,1086,709
687,1709,784,1476,1227,1055,1231,830,1129,1522,913,1007,1010,859,1534,1306,351
476,1647,1155,1718,1014,936,1214,619,1027,1312,1602,836,1481,980,1076,957,645
551,1473,1149,1714,933,1251,974,1123,1059,1492,1350,932,1594,925,1137,759,444
709,747,1124,1336,1480,1049,1598,1195,1125,1579,1322,1164,1116,836,1431,707,902
1050,1401,430,1014,953,884,1620,1428,1172,1389,1011,985,857,894,1215,1621,297
1584,1182,1723,859,946,826,888,939,1047,1126,1718,919,1331,830,1114,1089,917
979,1582,1446,1057,1332,1202,605,952,960,1157,1744,905,1424,868,1023,1044,762
836,1400,960,889,1113,1059,1521,1281,1046,1234,1125,986,1131,983,1264,1511,361
820,1265,939,1432,1066,1735,752,1118,988,1265,1600,1009,1225,949,1090,1145,564
1660,1501,787,555,1337,1338,1434,587,1070,1153,1702,852,1393,622,1122,983,916
746,1477,1263,1080,1228,1431,1116,939,1076,1321,1468,1107,1326,890,1160,932,879
1252,780,501,1560,1283,1365,1648,878,1027,1684,1552,948,1142,765,1243,858,783
631,1310,741,1668,1261,1734,969,575,1034,1493,1201,968,1458,949,1248,929,540
1707,1217,1744,1056,825,902,992,506,1046,1199,976,907,1469,858,1215,1610,957
787,1330,1141,1059,1103,1082,1456,1317,1109,1337,1093,969,1417,889,1348,1118,180
1102,991,558,902,1089,1545,1192,1707,1065,1410,1520,1040,853,945,1347,1051,485
841,1634,916,1187,973,1554,1252,774,1125,1337,1327,956,1255,1087,1162,1031,472
1639,1715,1115,962,1342,664,938,621,986,1520,1450,922,1234,873,1110,1185,947
1725,1699,1251,1093,1143,167,935,505,974,1633,1163,1128,888,870,1062,1537,991
929,1744,634,1574,927,522,1506,662,1231,1675,1200,1082,968,888,1198,1018,14
1131,1359,606,1211,1240,1515,1531,608,1139,1288,1119,1140,788,1170,1467,1169,143
1708,1453,875,1202,957,868,1225,970,1116,1349,1203,941,1081,973,1220,1397,36
1188,800,1586,1109,1442,1348,851,899,1026,1426,1386,964,1348,795,1172,1163,887
826,916,489,1352,1074,1729,1318,855,1209,1426,783,1165,1103,1220,1351,1023,148
489,1292,770,1012,1481,875,1712,1379,1122,1447,1207,832,1656,754,1149,1097,207
1744,1364,1026,945,885,822,1059,954,1043,1409,1345,1052,1226,984,1070,1151,390
705,1369,491,1728,1412,1698,833,685,1174,1489,1044,1074,1448,935,1131,985,724
742,1697,626,1458,1226,1010,1344,747,1166,1616,940,1076,766,909,1587,1213,351
1212,788,1393,1130,836,1601,1381,798,1013,1436,1706,909,1161,919,1228,829,709
1255,1591,805,1407,1105,1214,1041,652,1033,1294,1210,931,1135,879,1362,1426,307
1007,485,1318,831,1576,1005,1451,1432,986,1184,1139,1032,1441,886,1229,1383,333
505,1710,1465,1502,1250,732,1116,833,922,1330,1695,751,1567,858,923,1032,645
904,1021,478,973,1075,925,1744,1645,1109,1352,976,764,1020,971,1341,1679,297
1568,1075,1279,1164,999,825,1249,879,1210,1159,1058,1134,1129,817,1306,1467,28
837,1408,971,1372,1185,1592,755,1063,993,1236,1680,914,1316,891,1014,1159,564
573,1186,636,1620,1229,1622,1193,706,1188,1424,1050,960,1392,918,1257,1091,540
817,1260,544,1138,1325,1016,1647,1407,1020,1369,957,894,1138,871,1274,1694,361
769,1726,1089,1108,1204,1428,835,940,1043,1294,1710,815,1226,815,1028,1277,762
1274,1304,1457,1069,1203,1015,1060,834,1096,1270,1723,952,1215,845,1104,936,917
1454,678,515,1403,1304,1391,1525,797,1055,1481,1655,1052,1134,774,1194,838,783
1652,1615,995,1189,1173,530,1069,560,1013,1540,906,1154,880,982,1289,1463,991
616,1347,1026,1634,1052,1233,1123,1159,989,1586,1379,969,1615,792,1093,839,444
668,1070,1363,1064,1237,865,1545,1468,1176,1398,1161,832,1570,867,1151,1125,180
1629,1230,734,652,1501,1328,1382,695,962,1066,1744,676,1675,551,988,1055,916
1617,1702,997,1127,1142,611,1170,682,1025,1600,1252,907,1190,881,1164,1241,947
1706,1502,1631,996,1006,618,697,636,1016,1307,1155,970,1301,843,1086,1597,945
757,654,998,1501,1417,1436,1422,1079,1129,1364,1400,1183,1140,906,1468,676,902
1025,1157,460,1183,1160,1739,1442,698,1110,1299,928,1261,793,1150,1478,1261,143
996,1109,722,942,977,1664,1234,1489,1159,1463,1578,1003,893,886,1328,970,485
892,1122,1235,1335,1167,1406,1136,951,1047,1379,1528,844,1497,857,1102,1026,879
847,1139,526,1366,1038,1744,1086,981,1229,1338,947,993,1286,1026,1350,1111,148
962,1211,1366,1117,1141,1425,961,1097,1107,1237,1409,1063,1352,976,1308,800,887
1575,1366,522,1067,919,1332,1233,1072,1199,1409,985,1086,932,952,1260,1444,36
1655,626,1713,838,955,805,872,704,1007,1024,1026,778,1567,910,1143,1650,957
658,1737,644,1517,1220,1054,1293,1010,1126,1519,815,1125,979,842,1544,1330,351
622,1217,959,854,1499,929,1744,1244,1147,1623,1199,804,1411,792,1140,1164,207
749,1513,683,1225,1065,1691,1177,692,1099,1479,1340,1012,1309,949,1146,946,472
1488,1379,705,1296,981,1233,1273,799,1139,1257,1043,890,1133,878,1336,1554,307
662,1144,765,1744,1188,1543,845,885,1111,1394,965,1088,1490,967,1178,1087,724
1009,1744,494,1565,893,868,1492,693,1227,1509,1134,1090,1070,865,1207,1178,14
1029,1019,649,1005,1034,964,1647,1457,1159,1308,905,883,1041,900,1305,1654,297
826,911,1526,831,1420,1101,1447,1183,1041,1279,1164,982,1289,895,1219,1411,333
1744,1571,847,1349,910,821,1027,810,1314,1122,1152,998,1209,800,1236,1409,28
624,1730,1419,1555,1202,914,937,641,901,1299,1670,796,1583,967,928,987,645
1744,1162,1244,1183,852,871,1057,891,1131,1404,1251,923,1126,947,1173,1325,390
1333,805,1552,951,815,1479,1342,776,1051,1378,1615,976,1195,835,1214,957,709
1313,564,767,1416,1200,1410,1524,1074,1108,1425,1449,1126,1073,928,1362,761,783
614,1273,1184,1331,1269,1678,710,1104,987,1252,1682,953,1284,949,959,1130,564
1679,1659,1183,1128,1242,443,1062,669,1067,1568,1336,922,1102,791,1105,1389,947
609,1456,992,1634,941,1169,1160,1065,1010,1534,1273,922,1616,824,1124,910,444
750,1413,598,1027,1438,915,1569,1284,1028,1435,1056,919,1132,812,1268,1538,361
701,1063,884,1049,1463,1016,1671,1269,1155,1444,1085,940,1274,936,1317,1129,180
757,1623,1205,1135,1285,1447,752,917,980,1289,1731,724,1438,738,990,1245,762
1636,1507,1174,1169,1145,569,977,585,967,1503,948,1141,1029,907,1155,1547,991
516,1250,501,1653,1363,1740,1229,682,1131,1399,1198,993,1470,879,1255,955,540
574,1143,1318,1258,1404,1507,1128,876,1113,1358,1566,991,1420,828,1187,817,879
1704,1252,904,603,1304,1374,1334,682,1007,1091,1744,763,1488,636,1014,1070,916
521,1293,658,1144,1324,1126,1724,1092,1184,1641,1108,896,1269,800,1317,1015,207
1048,1156,1361,1163,1209,1439,844,999,1051,1247,1538,904,1454,823,1222,1041,887
639,1401,525,1668,1288,1618,1270,719,1118,1475,1007,1040,1406,929,1193,1080,724
1570,1285,1602,807,1031,839,899,1059,1009,1166,1604,1061,1248,979,1091,1086,917
1578,1279,1725,894,916,886,984,741,1044,1223,1096,960,1353,733,1119,1675,945
754,694,1135,1278,1461,1263,1486,1209,1147,1544,1216,1198,1010,888,1399,878,902
924,989,549,1369,1128,1662,1486,739,1160,1294,929,1342,785,1182,1464,1124,143
1600,1121,1744,974,1176,698,832,616,1077,1076,928,933,1415,979,1291,1567,957
841,1595,754,1220,1028,1575,1362,691,1149,1445,1400,952,1214,1035,1268,817,472
859,895,1571,797,1307,945,1510,1327,1093,1295,1240,960,1234,882,1289,1287,333
1577,1060,829,1186,921,1106,1209,1231,1076,1383,936,1077,1001,1057,1311,1439,36
673,1744,578,1418,986,1152,1268,849,1179,1556,775,1068,904,855,1617,1307,351
1056,986,844,1081,846,1482,1150,1608,1103,1359,1661,1053,908,917,1368,906,485
798,988,543,1321,1179,1744,1176,1022,1225,1340,1080,874,1275,1004,1375,1107,148
1193,1127,631,1083,1073,830,1572,1476,1116,1244,930,955,915,908,1215,1722,297
1267,804,1393,1003,896,1628,1326,907,1109,1305,1575,924,1124,904,1222,1091,709
677,1418,1315,1615,1299,1039,1008,704,864,1458,1622,824,1584,877,902,1010,645
1744,1208,1066,1096,993,635,1202,838,1187,1247,1216,1151,1062,853,1200,1364,28
1193,1463,612,1401,1183,1085,1361,732,1081,1266,1212,988,1059,894,1339,1376,307
1020,1744,560,1426,884,807,1526,706,1180,1572,1170,1129,989,881,1203,1156,14
1555,1627,933,1173,1339,440,1032,831,1003,1507,1199,944,1266,879,1128,1354,947
600,1546,666,1679,1104,1666,846,681,1123,1453,1098,990,1487,938,1123,1068,724
677,1453,1039,1288,1186,1604,785,1153,923,1309,1658,993,1254,866,1012,1256,564
1720,1589,808,1018,946,765,1066,932,1082,1340,1275,961,1053,922,1226,1421,390
1095,1050,609,1284,1417,1458,1320,779,1025,1417,921,1186,922,1128,1421,1260,143
583,1490,809,1676,1032,1397,1087,1020,1072,1593,1357,875,1477,772,1225,902,444
731,1213,770,1177,1352,1207,1461,1316,990,1377,940,996,1209,919,1219,1534,361
1358,999,656,1389,1173,1257,1446,1002,910,1394,1631,1061,1269,878,1178,944,783
1744,1593,1458,1135,996,286,844,437,951,1372,1106,1134,1014,1047,959,1651,991
858,1200,1250,1179,1163,1685,1072,782,1136,1410,1360,945,1270,982,1226,951,879
696,1530,1393,1127,1335,1467,652,1080,935,1257,1734,934,1401,790,1018,1172,762
881,709,1237,1153,1395,1264,1455,1186,1117,1560,1412,1109,1029,852,1319,882,902
675,1312,580,1717,1378,1606,1028,540,997,1506,1181,1168,1439,930,1192,867,540
1702,1282,723,1037,982,1262,1090,1091,1142,1532,940,1030,865,1018,1356,1397,36
1503,1277,876,565,1405,1680,1276,568,1041,1062,1744,808,1457,682,1152,980,916
587,1108,818,878,1542,958,1744,1291,1182,1389,1175,867,1488,890,1254,1035,207
1444,1436,1717,899,849,1000,888,977,1066,1180,1725,1003,1230,933,1069,1028,917
1444,1361,1541,955,1156,1146,1070,578,1085,1265,985,1047,1284,848,1279,1487,945
1399,814,1502,949,816,1538,1232,933,934,1501,1644,904,1160,973,1032,1132,709
1138,1179,1457,1013,1240,1350,820,1015,968,1326,1633,905,1479,869,1146,954,887
1072,891,501,936,1035,1709,1233,1673,1120,1483,1277,1169,700,1011,1466,1035,485
770,482,1507,647,1515,918,1723,1391,1053,1268,1209,910,1459,822,1162,1397,333
1744,903,1744,834,902,713,836,646,1073,1046,1110,922,1468,900,1276,1476,957
725,1672,810,1410,1091,1031,1360,979,1147,1627,810,967,1039,821,1591,1278,351
907,1053,585,1342,995,1742,1216,962,1233,1481,1018,1032,1172,939,1311,1094,148
1000,1291,513,1112,989,1102,1696,1531,1070,1468,880,983,857,1060,1248,1665,297
792,779,1217,1119,1217,1309,1436,1403,1104,1344,1051,995,1461,924,1208,1193,180
710,1295,846,1293,1227,1744,884,1012,1019,1280,1605,1009,1216,901,1038,1149,564
1744,1357,1163,1281,912,529,1028,909,1179,1277,1234,1002,1120,770,1187,1500,28
987,1547,917,1305,1175,1682,958,603,1078,1395,1415,977,1275,1109,1101,930,472
1394,1453,854,1273,1027,1098,1178,597,1120,1208,971,976,1108,901,1393,1603,307
1351,1744,1095,1102,1432,436,1181,519,1004,1560,1328,979,1109,899,1048,1332,947
1524,1445,869,1281,885,1045,1192,1039,1057,1421,1121,959,1021,945,1258,1446,36
1080,1708,890,1255,1103,621,1380,612,1145,1417,1270,1062,1162,838,1219,1167,14
1456,1626,1550,988,1057,725,786,665,1027,1169,961,993,1463,754,1106,1696,945
674,1634,1350,1613,1286,810,973,792,925,1393,1640,818,1611,899,868,1007,645
625,1373,1024,1738,860,1098,1133,1180,1111,1475,1261,908,1624,859,1177,846,444
675,1222,511,1569,1291,1744,1206,654,1072,1377,1117,1008,1402,987,1288,1029,540
811,1486,605,1697,1032,1700,992,606,1003,1378,1194,1012,1479,986,1109,1119,724
919,1443,540,1415,1154,1509,1519,716,1136,1347,1042,1085,868,1092,1383,1327,143
1394,498,822,1276,1235,1408,1407,1192,1049,1494,1562,976,1235,810,1196,798,783
1736,1410,1115,1192,1159,621,905,526,984,1434,941,1144,1031,901,1098,1668,991
758,1220,1248,1386,1099,1514,1031,891,1113,1267,1450,925,1493,855,1170,971,879
917,664,987,1560,1244,1472,1303,1096,1027,1412,1445,1139,1116,904,1374,840,902
672,1526,1156,963,1587,1339,693,1290,1095,1105,1680,814,1475,777,1126,1130,762
856,1537,772,1012,1238,840,1577,1255,1146,1170,1125,968,1174,903,1280,1494,361
579,1181,832,1085,1473,820,1743,1219,1183,1331,1176,956,1459,907,1252,997,207
1465,1430,1565,878,981,875,1092,805,1044,1220,1729,999,1247,906,1083,951,917
699,839,813,1231,1043,1744,1285,822,1200,1304,992,1026,1219,1070,1286,1183,148
1639,1062,1680,909,972,767,1168,519,992,1226,1033,887,1528,854,1285,1475,957
1237,698,1330,1049,1152,1369,1493,782,1019,1476,1630,827,1204,844,1187,998,709
1083,1249,1369,1083,1198,1458,888,846,1086,1320,1561,953,1302,894,1205,959,887
1213,961,866,896,999,1528,1065,1630,974,1374,1650,1100,914,916,1350,994,485
642,1467,979,1238,1273,869,1456,1341,1103,1504,1176,896,1449,874,1184,1079,180
1171,725,1345,810,1415,994,1595,1206,1116,1172,1251,938,1417,806,1187,1381,333
813,1390,480,1211,1123,890,1620,1556,1023,1363,1018,1033,1031,986,1132,1619,297
677,1744,670,1434,1052,1158,1213,772,1072,1552,936,1071,855,954,1542,1298,351
1638,1398,985,1021,1044,734,1300,931,1080,1456,1177,933,1097,941,1269,1327,390
1633,1278,729,1246,794,1014,1148,1314,1064,1413,1088,935,1131,899,1111,1639,36
784,1720,657,1397,979,1657,951,770,1130,1244,1315,1019,1344,1053,1061,1114,472
1293,1298,1681,993,1121,1053,1111,717,953,1174,1054,824,1623,770,1111,1645,945
1744,1146,1151,1109,943,530,1198,884,1230,1122,1137,1163,1098,747,1312,1471,28
570,1341,991,1689,932,1473,1094,1069,1013,1564,1443,978,1546,814,1156,746,444
1647,1253,948,690,1200,1496,1273,672,989,1005,1744,761,1577,625,928,1007,916
1402,1590,686,1372,871,1170,1256,612,1049,1363,1061,941,1066,971,1253,1576,307
653,1171,872,1511,1209,1675,736,1114,940,1121,1709,1000,1451,906,1060,987,564
1606,1658,1099,1149,1228,521,999,610,1059,1403,1216,922,1232,911,1152,1385,947
583,1206,733,1629,1324,1736,954,721,1102,1392,1118,1021,1405,1009,1241,992,540
1499,799,580,1437,980,1556,1413,946,1017,1425,1630,1056,1169,768,1228,981,783
1047,1222,1342,1347,1022,1299,949,1052,1044,1289,1486,933,1437,960,1101,1030,879
1003,1331,828,1059,1230,849,1614,1313,1109,1248,1063,874,1089,1039,1263,1548,361
423,1732,1204,1588,1372,1000,1033,615,923,1304,1665,827,1564,1048,1040,861,645
885,1453,726,1335,855,1732,1249,750,1202,1366,1283,917,1384,1027,1223,878,472
840,793,894,1322,1157,1744,1118,894,1271,1435,992,993,1325,962,1365,937,148
1056,1426,482,1336,1169,1647,1350,632,1092,1375,951,1191,802,1135,1400,1334,143
808,1288,706,1645,1118,1635,945,773,1168,1501,1170,958,1437,836,1171,1021,724
1022,974,417,944,901,1744,1426,1496,1071,1626,1318,1211,698,1060,1425,855,485
1153,678,1598,707,1268,909,1491,1281,992,1365,1183,1011,1319,812,1259,1339,333
994,1558,1245,1099,1412,1316,665,984,1023,1239,1692,896,1271,843,1139,1162,762
1714,1056,823,1139,1113,814,1189,1109,1272,1246,1009,1011,1134,792,1276,1519,28
517,1185,1124,948,1343,1168,1533,1412,1116,1448,1001,845,1476,960,1261,1173,180
1587,1048,1744,810,1117,704,1040,965,1027,1167,1704,922,1259,885,1083,1085,917
1334,758,1423,971,955,1449,1530,838,949,1463,1559,879,1266,855,1180,987,709
926,1691,547,1489,698,955,1612,653,1184,1669,1195,1042,1081,839,1034,1188,14
836,1044,770,936,1416,1023,1714,1364,1061,1470,1271,847,1486,833,1155,1087,207
1397,1252,776,1332,1019,1241,1289,711,988,1317,1168,878,1288,829,1170,1577,307
1644,820,1744,826,1106,672,1009,719,1065,1157,1006,879,1480,917,1353,1423,957
1684,1197,1002,1057,935,1167,1006,955,1150,1460,1157,883,1154,945,1219,1312,390
733,1483,1255,1641,900,1250,968,1004,1122,1431,1319,954,1456,914,1232,852,444
730,1744,777,1597,1049,1007,1102,948,1154,1509,1010,1012,1021,916,1488,1170,351
977,1141,1378,1070,1295,1450,1013,942,1050,1335,1492,972,1317,939,1245,930,887
1051,1356,471,1006,1074,779,1712,1508,1071,1366,1013,1006,928,955,1233,1636,297
869,1285,1030,1377,1152,1651,862,931,891,1274,1647,999,1390,967,940,1051,564
1712,1424,1125,616,1197,1198,1309,593,1048,1055,1744,790,1457,694,1014,1041,916
857,746,1243,1283,1331,1277,1370,1052,1115,1442,1296,1107,1035,996,1382,907,902
1744,1660,1181,1045,989,276,913,634,943,1478,987,1105,945,984,1246,1587,991
562,1692,1236,1577,1190,1121,1085,602,915,1288,1629,848,1554,988,922,1048,645
1702,1708,988,1173,1132,574,992,709,1031,1544,1210,931,1163,897,1099,1405,947
1674,1425,671,1095,889,1072,1170,1078,1084,1464,1019,1018,915,1012,1212,1556,36
1664,1680,1370,1013,902,909,880,518,1098,1160,1003,946,1383,781,1139,1676,945
1178,1441,619,1059,1342,837,1638,1155,1117,1324,1095,923,998,857,1456,1468,361
1216,902,731,955,854,1668,1156,1599,1126,1433,1448,1108,776,942,1452,995,485
751,1407,703,1736,1058,1690,990,645,1102,1333,1277,802,1534,856,1235,1141,540
1132,1387,418,1437,960,1551,1536,717,1159,1518,867,1162,749,1022,1375,1428,143
1243,750,521,1530,1360,1422,1554,857,1016,1505,1508,1022,1139,867,1292,890,783
928,1206,579,1297,866,1744,1139,785,1257,1269,908,1132,1315,978,1310,1111,148
928,1375,912,1372,907,1622,1075,829,1075,1283,1448,880,1490,908,1077,1088,879
672,1273,896,1032,1395,836,1744,1168,1180,1581,1036,857,1372,828,1212,1214,207
879,1691,1321,1146,1221,1275,642,1019,1025,1183,1744,878,1342,749,1014,1038,762
882,1741,804,1495,1100,592,1423,664,1242,1685,1047,1108,1008,858,1116,1200,14
1744,1304,957,1390,893,784,939,875,1226,1143,1044,1064,1090,873,1223,1527,28
559,1224,508,1681,1403,1744,1033,611,1103,1541,977,1010,1386,1096,1139,1026,724
976,1575,427,1138,1075,765,1726,1360,1134,1424,1131,883,895,964,1215,1614,297
926,1598,1164,1211,834,1492,1019,904,1032,1375,1387,854,1524,896,1023,1189,472
1665,1380,1110,941,932,970,1291,850,1068,1528,1151,1016,1095,918,1258,1246,390
1489,1676,485,1346,795,992,1337,723,1103,1434,1014,1051,1016,997,1197,1381,307
726,1410,1015,1404,1208,1647,752,956,927,1248,1717,930,1314,1019,883,1221,564
631,1324,1033,1133,1240,912,1530,1326,1114,1453,939,870,1410,954,1302,1236,180
917,522,1385,850,1350,1282,1616,1338,1015,1320,1211,934,1394,817,1124,1465,333
1455,1211,1639,917,921,1134,993,854,978,1283,1686,915,1220,910,1043,1170,917
560,1510,852,1744,854,1281,1100,1083,1074,1500,1173,975,1544,946,1181,887,444
876,1635,805,1316,1144,1043,1176,996,1199,1477,872,1092,910,859,1539,1317,351
1591,1052,1685,830,898,914,983,582,957,1250,949,890,1377,1006,1224,1622,957
1744,1350,1292,1081,1081,419,884,524,972,1359,902,1205,936,1002,1127,1693,991
1151,961,1397,1173,1361,1500,867,870,1038,1467,1476,942,1287,941,1196,933,887
1160,765,1330,1123,1243,1447,1427,757,1059,1565,1548,835,1113,845,1222,986,709
483,1744,1358,1577,984,884,1264,632,907,1428,1621,819,1468,1013,927,1059,645
1540,1372,883,538,1449,1392,1415,530,961,1194,1744,771,1465,656,931,1035,916
1603,1565,1566,912,1000,615,886,568,1043,1104,1102,968,1545,802,1122,1581,945
947,1110,752,963,1176,1446,1196,1622,1107,1493,1461,1152,816,931,1418,884,485
746,1304,858,1406,1042,1600,986,1020,1117,1434,1463,925,1390,824,1151,976,879
564,1332,664,1569,1354,1744,1151,479,1132,1410,1208,972,1347,984,1373,854,540
847,1515,786,962,1287,863,1600,1140,1072,1367,1148,1033,1067,935,1279,1379,361
556,1064,729,1008,1351,1156,1744,1365,1135,1581,924,880,1554,787,1282,1083,207
1546,1729,1129,1160,1199,430,1181,578,980,1609,1194,905,1337,874,1069,1312,947
1298,1313,502,1270,1130,1363,1295,785,1101,1442,951,1134,799,1103,1347,1403,143
1476,729,894,1538,997,1365,1123,1064,1068,1387,1585,1056,1089,810,1280,876,783
953,1702,699,1445,1061,562,1598,673,1305,1601,1161,1015,1012,900,1070,1178,14
1693,1108,869,966,914,803,1135,1322,1128,1460,1092,1038,924,962,1207,1408,36
654,838,822,1382,1460,1432,1530,1019,1179,1554,1183,1120,994,966,1500,724,902
1718,1093,1166,1302,1053,649,1093,999,1302,1099,1024,1176,1120,811,1404,1323,28
815,805,633,1382,1162,1744,1177,976,1202,1366,986,1075,1227,1016,1259,1149,148
663,1472,827,1684,888,1253,1306,1081,1075,1546,1451,868,1503,863,1194,780,444
1639,1281,1653,770,1031,1038,968,727,1022,1209,1741,969,1295,886,941,1085,917
877,1744,1275,1024,1403,1111,641,959,1002,1241,1654,862,1296,795,1021,1113,762
883,1303,742,1360,1027,1681,1224,895,1063,1324,1396,950,1338,1053,1235,921,472
665,1576,1382,1489,1211,1124,950,796,958,1357,1605,870,1439,929,1057,973,645
918,1156,1407,1068,1405,1387,943,996,1039,1343,1478,960,1258,973,1235,994,887
1140,727,1177,1085,1157,1581,1640,743,1054,1566,1552,924,1105,903,1277,854,709
1538,1586,1421,1057,916,796,712,750,1079,1159,1045,890,1427,800,1082,1728,945
