l5e1,l5e2,l5e3,l5e4,l5e5,l5e6,l5e7,l5e8,l7e1,l7e2,l7e3,l7e4,l7e5,l7e6,l7e7,l7e8,maj_class
1720,906,1705,834,1041,920,1020,714,1006,1216,934,953,1352,979,1297,1543,957
1424,1678,1016,1178,1351,681,1197,661,978,1589,1160,1001,1214,908,1184,1246,947
1069,1118,610,1123,1246,792,1638,1544,1025,1384,1021,992,944,939,1307,1592,297
1048,971,1275,1050,1341,1534,1011,1044,964,1429,1363,974,1290,937,1229,1094,887
848,1076,562,1267,1080,1744,1191,963,1261,1404,962,948,1155,991,1372,1187,148
1604,1317,972,707,1208,1445,1232,773,1014,1220,1663,817,1367,719,1075,1155,916
1563,1233,1465,849,1129,935,1143,955,1005,1260,1622,1011,1147,964,1123,1140,917
848,1387,1150,1030,1484,1431,819,1131,1050,1196,1623,871,1289,870,1130,1186,762
1205,1170,857,1272,1272,1296,1361,793,1071,1388,975,975,1074,859,1484,1454,307
895,1312,910,1162,1213,1645,1190,764,1113,1513,1260,930,1245,924,1204,1091,472
1034,1076,1249,1003,1264,1396,1151,1061,1044,1282,1376,990,1364,973,1256,995,879
1253,913,1497,974,1013,1472,1235,895,1086,1387,1518,859,1230,904,1232,1022,709
1091,632,1260,884,1474,1119,1518,1302,1078,1292,1072,951,1198,921,1266,1502,333
1698,1033,1212,1054,1079,853,1234,884,1179,1225,1186,997,1209,853,1257,1369,28
1013,921,741,935,1243,1509,1356,1493,1119,1502,1320,1122,874,919,1385,1037,485
1160,1605,638,1177,1061,1057,1558,740,1234,1519,1187,999,999,964,1165,1171,14
771,1215,551,1512,1345,1744,1067,773,1112,1472,1143,1020,1264,902,1300,1067,540
788,1268,560,1648,1184,1647,1194,779,1098,1435,948,1141,1373,986,1238,1061,724
739,1487,929,1545,1050,1239,1121,1074,1010,1494,1336,916,1527,832,1156,1009,444
955,1151,932,1318,1083,1589,921,1149,949,1299,1546,992,1212,974,1062,1246,564
1744,1334,1285,1022,1198,571,980,675,1026,1427,845,1085,958,1020,1215,1661,991
833,1507,650,1291,1207,1162,1390,910,1109,1577,909,985,969,863,1509,1341,351
867,849,710,953,1372,1386,1688,1259,1092,1552,1043,991,1299,886,1228,1189,207
1302,1116,644,1217,1247,1392,1415,813,1120,1427,1029,1044,855,1052,1328,1425,143
1640,1226,865,963,1057,950,1153,1335,1083,1357,1027,1044,1003,1022,1280,1464,36
1004,575,892,1302,1501,1168,1560,1118,1113,1424,1219,1096,1028,956,1504,913,902
720,1541,1087,1575,1301,1065,1079,728,969,1311,1646,776,1553,891,986,1146,645
1607,1380,1261,958,1070,972,1047,753,1080,1269,968,979,1391,763,1135,1648,945
975,1133,609,1084,1351,1254,1518,1293,1040,1273,1013,956,1091,945,1303,1602,361
1505,774,742,1256,1292,1405,1401,838,1093,1424,1462,1010,1113,929,1335,845,783
1512,1648,1285,1291,1067,548,950,785,1012,1411,1354,886,1314,911,1089,1303,947
1715,1116,1241,911,1072,919,1125,1076,1067,1432,1181,839,1181,943,1143,1494,390
977,1106,1150,1061,1159,1078,1504,1245,1081,1391,1074,935,1394,960,1247,1198,180
1507,1225,1687,971,848,1024,864,939,1061,1136,1629,1012,1311,937,1174,969,917
1005,1024,1280,1223,1275,1439,1007,1027,1119,1259,1525,923,1405,856,1259,934,887
772,948,719,1416,985,1744,1115,1029,1215,1312,1054,1035,1375,903,1300,1086,148
903,578,1202,772,1591,1361,1505,1240,1049,1350,1163,904,1360,733,1243,1478,333
1303,1326,1088,782,1446,1306,1274,691,1044,1169,1744,791,1571,639,1095,979,916
1142,1141,447,1220,981,1122,1564,1477,1181,1321,1056,939,999,888,1337,1504,297
944,1658,1093,1253,1015,1457,1035,722,1144,1394,1390,956,1360,935,1077,1024,472
1049,1120,1634,1289,1024,1424,905,825,1130,1211,1551,789,1598,759,1062,1101,879
988,1744,846,1493,962,736,1285,722,1223,1433,1193,1074,1113,789,1235,1220,14
1467,1485,898,1350,1082,1037,1022,927,999,1360,1067,987,1178,932,1243,1514,307
701,1464,635,1351,1491,1243,1442,902,1107,1612,1004,1061,909,883,1471,1224,351
647,1212,633,1003,1463,1035,1739,1202,1062,1669,1101,891,1332,813,1184,1224,207
1084,1076,1351,1238,1050,1213,1316,952,1076,1381,1567,973,1172,916,1316,869,709
1645,1450,902,1331,981,825,1046,746,1000,1492,1024,1000,946,954,1212,1622,991
1528,1021,1704,1020,1032,794,979,814,973,1186,902,1047,1383,1025,1298,1466,957
815,1440,1269,1130,1372,1350,767,1137,1028,1236,1708,845,1413,795,1102,1123,762
829,1422,916,1673,1011,1274,1081,917,1138,1501,1257,900,1517,896,1238,829,444
1363,1438,752,1202,1011,1362,1164,812,1075,1369,1164,1156,928,1075,1277,1236,143
1634,1430,723,1165,761,1051,1126,1162,1139,1424,1136,995,1031,1001,1205,1338,36
758,1100,611,1233,1223,1680,1256,1001,1271,1334,956,1046,1187,1058,1327,1101,148
1744,1462,1074,1058,1035,670,965,837,1159,1233,1240,1089,1074,859,1125,1501,28
1200,884,930,1025,936,1588,1193,1432,1118,1352,1543,1039,982,885,1327,1034,485
581,1549,1190,1576,1235,1266,1045,715,1025,1286,1446,868,1460,1034,1117,1044,645
1053,776,1319,1363,1203,1135,1196,1161,1100,1357,1482,1100,1206,918,1309,719,902
818,1588,579,1114,1311,1009,1624,1103,1087,1377,1069,997,1055,919,1334,1442,361
812,1077,1231,1009,1309,979,1460,1401,1068,1443,1212,872,1500,901,1145,1127,180
1513,1355,1378,1006,1096,941,918,898,1135,1168,1049,971,1337,829,1229,1558,945
1298,1188,538,1384,1146,1344,1398,908,1176,1499,1612,980,1137,846,1206,808,783
1170,1087,1456,1074,1314,1254,1014,911,1005,1319,1445,981,1400,830,1158,1142,887
639,1411,725,1703,1146,1613,1005,713,1177,1371,1029,1054,1458,993,1162,1036,724
670,1258,750,1596,1260,1744,1013,680,1090,1348,1182,947,1558,906,1261,983,540
914,1709,893,1296,1013,850,1487,719,1135,1501,1136,1031,1066,957,1163,1291,14
939,1607,1024,1244,1205,1459,839,907,934,1251,1664,932,1310,845,1002,1226,564
1587,1487,1011,906,1039,885,1111,1055,1056,1485,1229,949,1199,883,1155,1324,390
1631,1417,994,707,1154,1295,1255,815,1012,1327,1741,821,1368,771,1019,964,916
1570,1306,1540,851,960,830,1020,906,1059,1364,1570,1008,1153,911,1077,1083,917
1292,1735,1123,1277,1262,718,951,736,1024,1649,1358,972,1180,903,1081,1106,947
1002,723,1354,763,1307,1186,1503,1332,1098,1315,1035,940,1250,884,1254,1504,333
802,1675,681,1185,1040,804,1526,1437,1088,1407,1069,912,1070,859,1258,1610,297
1744,719,1729,966,1000,916,958,727,1112,1142,831,1024,1382,879,1306,1561,957
1138,1521,1191,1120,1220,1328,659,1103,982,1265,1639,910,1364,833,985,1239,762
834,1635,1092,1283,913,1264,1201,1029,1097,1358,1383,871,1296,925,1172,1171,879
985,1609,853,1271,924,1076,1405,900,1155,1481,910,1101,993,809,1537,1294,351
938,1448,878,1054,946,1632,1253,1025,1143,1392,1231,944,1268,986,1168,1148,472
1744,1416,1241,1147,1001,684,922,692,987,1504,1015,1083,1043,975,1129,1527,991
938,595,1006,1481,1399,1332,1356,1173,1100,1583,1458,1090,1068,915,1333,733,902
639,1064,768,992,1450,1015,1640,1315,1190,1507,950,917,1323,869,1299,1225,207
1286,1205,715,1359,1117,1464,1177,909,1032,1374,906,1175,1025,1051,1312,1405,143
927,1000,783,971,1016,1686,1011,1579,1134,1459,1518,1058,890,927,1342,952,485
1328,1528,754,1265,1060,1274,1355,645,1113,1511,1209,868,1047,844,1322,1366,307
746,980,824,1320,1208,1598,1374,1080,1122,1467,1037,1016,1288,950,1270,1122,148
1559,1374,1168,823,1152,1349,1222,620,955,1172,1729,765,1573,634,1087,1116,916
1589,1023,1015,1082,919,1279,1147,1162,1134,1334,1037,1063,1064,950,1302,1396,36
1469,1289,1612,1001,943,956,853,881,1062,1140,1085,979,1492,725,1130,1537,945
1113,1119,1330,1165,1424,1337,877,915,1058,1365,1411,992,1297,921,1137,1099,887
780,1542,733,1113,1280,849,1645,1164,1045,1401,1072,944,1084,964,1139,1582,361
950,1744,568,1362,966,851,1505,813,1145,1577,1198,1098,1038,877,1065,1282,14
1565,1373,854,1324,1038,671,1360,1011,1207,1398,1026,1066,1145,893,1266,1279,28
770,1242,1210,1646,973,1405,938,1038,1009,1376,1258,1007,1536,856,1244,994,444
782,1069,1239,1215,1151,1217,1374,1187,1162,1356,1028,1013,1369,910,1282,1160,180
1300,713,1170,1208,887,1673,1372,951,1054,1502,1575,976,1138,900,1131,996,709
670,1308,919,1573,1303,1680,984,712,1094,1540,934,974,1508,916,1078,1209,724
754,1493,1210,1386,1328,1228,1014,863,1012,1487,1546,867,1434,917,1090,927,645
1012,998,1230,834,1442,1103,1569,1092,1070,1406,1255,936,1379,761,1140,1333,333
768,1287,556,1491,1473,1663,1097,755,1073,1461,1036,1066,1380,950,1239,1075,540
1435,877,885,1267,1105,1468,1286,957,1167,1402,1575,987,1124,837,1296,892,783
1055,1185,1232,1210,1172,1510,1077,839,1084,1281,1537,974,1388,878,1152,986,879
851,1421,877,1447,1144,1547,921,960,1056,1286,1607,1068,1261,870,1090,952,564
845,1385,478,1183,1003,1007,1691,1429,1139,1270,1073,1014,960,982,1366,1442,297
1667,1497,981,880,988,954,1131,963,1053,1375,1057,968,1182,926,1193,1526,390
991,1664,1359,1078,1442,1106,632,971,1005,1399,1509,950,1201,905,1167,1079,762
1176,1483,863,1286,948,1337,1286,691,1047,1398,1175,1012,1004,912,1296,1436,307
695,1744,630,1311,1110,1093,1361,813,1174,1559,953,926,1019,878,1396,1375,351
1155,891,793,1098,953,1562,1163,1600,1100,1419,1473,1076,859,931,1425,997,485
929,863,762,1278,1240,1744,1129,960,1105,1248,956,1171,1290,967,1401,1142,148
584,985,756,1038,1410,1141,1697,1422,1164,1426,1159,898,1546,789,1181,1084,207
1196,1049,603,1290,1204,1605,1423,864,1153,1344,921,1158,848,1169,1422,1265,143
1552,1507,1584,909,912,980,862,689,1000,1042,1239,891,1471,831,1150,1598,945
675,1213,1056,1050,1218,875,1572,1477,1008,1332,866,889,1241,891,1253,1670,361
1161,1683,700,1282,1011,842,1344,802,1251,1405,1128,1042,1129,864,1204,1257,14
1652,1515,1365,1106,1037,477,992,693,1055,1485,918,1114,953,950,1234,1523,991
612,1744,1071,1488,1064,1067,1141,714,1013,1277,1601,856,1491,948,1049,1018,645
734,743,1101,1501,1271,1444,1344,1142,1060,1415,1376,986,1212,979,1320,932,902
1511,1282,920,743,1227,1504,1197,811,957,1159,1632,887,1390,656,1101,1160,916
1018,1417,961,1017,1038,871,1678,1262,1082,1483,1140,832,1358,954,1204,1227,180
1438,1597,969,1288,1225,736,1177,774,1025,1599,1225,917,1172,905,1225,1204,947
1532,1317,1305,1434,779,1002,1005,777,1185,1244,1125,1006,1263,789,1137,1517,28
1587,1037,1744,802,1215,729,902,752,1028,1307,956,945,1243,935,1341,1525,957
789,1623,866,1163,942,1543,1311,855,1138,1494,1245,1049,1387,930,984,1045,472
922,1437,1112,1518,791,996,1223,1281,1028,1491,1306,943,1457,857,1117,1081,444
1537,1224,1719,1051,1013,897,921,803,1031,1278,1510,974,1163,870,1165,1281,917
1198,1078,1122,1312,1086,1265,1253,966,1077,1349,1618,1016,1104,931,1270,842,783
1370,908,1436,1019,1131,1363,1042,967,1077,1179,1486,955,1431,925,1223,1004,887
1197,1022,1307,1066,970,1399,1289,905,1058,1432,1441,949,1191,869,1235,1105,709
686,1404,560,1627,1370,1726,1062,599,1077,1475,1129,986,1400,897,1222,1094,540
812,1535,1300,1296,1147,1495,780,876,1043,1327,1628,1036,1074,1017,1049,1104,564
979,973,1152,851,1408,1091,1504,1233,1006,1220,1245,960,1372,939,1184,1354,333
673,1152,598,1361,1042,1744,1216,1052,1249,1383,951,997,1255,987,1325,1133,148
1610,1023,824,1187,1085,1233,923,1337,1114,1423,1034,1092,954,998,1206,1446,36
837,1277,1224,1126,1213,1420,1160,881,1176,1341,1446,1005,1168,1025,1157,962,879
1630,1473,1220,1019,973,795,1058,972,1112,1316,1328,916,1304,983,1162,1159,390
765,1335,735,949,1419,1139,1649,1040,1208,1491,1077,871,1278,874,1417,1055,207
629,1483,753,1503,1049,1284,1316,1011,1182,1460,812,1058,1006,872,1612,1278,351
738,1555,1173,1064,1411,1273,822,1171,1054,1231,1631,928,1323,825,1110,1153,762
808,1744,720,1376,897,775,1550,809,1280,1628,1212,1001,1065,880,1126,1088,14
1262,1585,1464,1047,1243,718,1008,721,1049,1174,1199,873,1610,686,1038,1625,945
773,1657,666,1148,1164,748,1703,1224,1157,1502,1045,842,997,994,1283,1444,361
858,1545,593,1383,1134,1398,1357,796,1163,1340,1119,1047,1048,921,1249,1393,143
614,1383,770,1703,1093,1484,1106,971,1086,1388,1193,972,1611,912,1101,1009,724
879,1137,503,1038,928,1716,1092,1686,1196,1298,1384,1110,923,987,1474,908,485
664,1488,1070,1563,914,1311,1094,1040,1057,1411,1343,974,1492,870,1121,991,444
1221,780,888,1328,1144,1580,1214,1015,1087,1351,1459,1113,1087,963,1358,862,783
912,1343,778,986,1011,778,1551,1616,1084,1288,914,919,1036,948,1290,1731,297
1077,1589,939,1500,918,1098,1230,699,1108,1315,1137,972,1132,888,1374,1354,307
572,1651,1359,1494,1292,990,948,950,972,1359,1599,901,1425,1025,907,1041,645
809,600,1167,1299,1570,1048,1379,1216,1218,1469,1239,1215,971,949,1462,757,902
853,1153,1124,1120,1155,1200,1367,1294,1185,1338,1063,970,1225,1011,1306,1182,180
1681,1445,1143,1139,915,886,973,554,988,1518,898,1136,945,920,1216,1613,991
909,1402,1222,1116,1342,1436,691,1162,1028,1243,1623,875,1252,809,1103,1185,762
1145,990,1311,833,1194,1088,1434,1280,1110,1306,1341,905,1254,825,1143,1396,333
1632,1101,1737,887,879,716,1084,584,1119,1189,1050,950,1306,928,1298,1440,957
1443,1614,1087,1272,1117,693,1002,726,1062,1503,1185,928,1277,925,1120,1280,947
1603,1547,1025,1235,869,606,1200,836,1175,1277,1130,1060,1140,799,1178,1498,28
896,1363,907,1202,892,1546,1182,786,1161,1337,1218,989,1320,988,1173,1094,472
744,1071,1452,1119,1160,1524,967,923,1000,1386,1381,1059,1292,995,1197,970,887
1656,1313,1718,879,801,853,988,805,1076,1152,1708,984,1173,921,1129,1119,917
1052,776,1308,1081,1278,1431,1362,889,1001,1441,1553,999,1173,942,1273,864,709
809,1146,726,1279,1211,1591,1081,934,1280,1397,1061,955,1277,982,1328,1000,148
1109,1341,556,1071,1155,1275,1483,1276,1136,1417,927,1089,968,979,1328,1436,361
849,1302,860,1273,1248,1646,936,1166,975,1226,1587,1026,1215,1023,1136,974,564
682,1117,1058,886,1521,1040,1744,1014,1171,1559,1088,883,1433,860,1188,1091,207
1623,1249,1227,712,1348,1180,1093,795,1042,1082,1744,901,1500,722,993,932,916
1058,1125,1167,1170,1226,1394,1140,833,1043,1277,1378,1002,1419,904,1111,1091,879
1079,1145,728,1332,1118,1632,1364,759,1102,1427,995,1128,975,1026,1347,1280,143
1483,1544,937,1072,1042,888,1079,1101,1140,1547,1145,963,1051,886,1152,1343,36
1202,1744,916,1430,803,654,1352,735,1138,1456,1342,1075,1072,914,1132,1146,14
1613,1481,1191,943,1030,928,1095,755,1145,1418,1235,989,1180,992,1121,1200,390
727,1063,682,1527,1445,1626,1387,695,1000,1620,1107,1056,1323,965,1293,916,540
680,1744,782,1201,1187,1189,1330,780,1134,1553,1001,1098,914,886,1442,1248,351
1349,1403,1531,1289,1145,711,951,735,1035,1319,1096,939,1368,933,1242,1348,957
1576,1249,1670,730,998,1013,820,807,1062,1151,1128,957,1401,820,1227,1516,945
894,674,1200,1481,1410,1155,1422,1041,1104,1478,1471,1128,1092,928,1430,649,902
1211,1556,1260,1033,1177,1323,641,1010,1008,1127,1744,866,1433,794,1059,1147,762
706,1269,843,1688,1278,1514,963,833,1122,1461,1010,968,1543,924,1117,1134,724
650,1421,939,1616,1097,1252,1240,1064,1037,1498,1536,903,1525,833,1018,873,444
1274,921,720,1438,1092,1418,1436,915,1012,1598,1602,1037,1074,805,1117,974,783
652,1366,1132,1069,1155,896,1609,1241,1091,1514,1079,855,1442,849,1255,1185,180
954,1391,783,1129,1004,763,1664,1429,1112,1413,1214,897,1115,895,1170,1455,297
885,968,1406,986,1433,814,1449,1232,998,1415,1227,928,1378,874,1126,1334,333
584,1552,1276,1588,1205,1181,928,711,924,1295,1656,826,1603,917,1008,837,645
1240,1418,926,1437,940,1216,1304,746,1090,1312,1192,998,1176,928,1289,1295,307
1744,1077,1107,1338,814,796,1018,950,1282,1181,1019,1068,1136,877,1226,1454,28
1719,1473,1402,1167,939,471,1004,779,1008,1432,982,1030,1068,950,1185,1564,991
1626,1330,1564,867,1087,1158,889,759,1012,1184,1650,1051,1209,914,1067,1079,917
1114,1182,1057,1011,985,1326,1029,1575,1079,1356,1587,1071,943,948,1311,958,485
635,1536,1206,1325,1197,1256,1135,956,1139,1361,1434,862,1449,896,1143,952,879
1629,1254,899,1168,939,1093,1110,1089,1069,1324,1099,964,1041,979,1230,1574,36
1243,1108,1426,930,1182,1464,946,981,1051,1292,1627,970,1331,871,1169,967,887
1186,690,1605,1051,1018,1463,1451,786,1072,1560,1642,973,1181,830,1171,749,709
1070,1172,844,1141,1146,1249,1300,1289,1014,1230,1109,840,1282,879,1236,1571,361
912,1744,705,1467,1037,877,1434,703,1159,1642,1097,1134,1060,857,1130,1134,14
1462,1615,1071,1400,1182,488,1034,703,1000,1478,1124,824,1337,904,1031,1564,947
1047,1266,1038,1350,1158,1641,804,908,1006,1163,1671,781,1459,843,957,1213,564
1633,1484,1052,1160,809,1091,1119,733,1085,1321,1312,983,1122,922,1155,1380,390
840,1293,734,1616,1260,1637,1104,681,1100,1343,1188,926,1361,959,1327,1076,540
1622,1427,919,593,1501,1180,1288,601,959,1216,1712,711,1610,529,957,1191,916
1136,1462,1142,1153,782,1540,1041,929,1063,1372,1533,1049,1368,918,1074,903,472
1180,1522,760,1232,1115,1295,1205,644,1047,1390,1062,1119,884,1137,1331,1310,143
1493,1215,1571,1188,1019,1027,833,757,1055,1173,1169,952,1402,969,1220,1340,957
664,740,810,1444,1178,1705,1188,1044,1177,1374,968,1036,1301,992,1332,1100,148
653,789,805,1438,1507,1340,1563,978,1139,1316,1267,1081,1057,1156,1530,700,902
1498,1306,1407,1048,976,1127,830,714,1158,1033,981,981,1423,857,1277,1563,945
753,1613,910,1670,866,1208,1076,1070,1139,1576,1225,923,1488,878,1081,970,444
1635,1560,792,1347,915,797,1228,841,1259,1290,1106,975,1090,934,1199,1427,28
782,1161,834,855,1408,1005,1744,1175,1115,1336,1236,825,1585,785,1179,1219,207
708,1487,1208,1117,1435,1434,823,1002,1084,1322,1583,894,1206,904,1188,1036,762
1409,1485,783,1359,987,1074,1318,740,1082,1440,1086,976,1039,917,1341,1399,307
710,1386,1162,1110,1269,979,1476,1182,1070,1575,1029,993,1269,886,1308,1149,180
766,1730,627,1254,1263,1063,1406,931,1201,1634,1009,1029,927,860,1436,1184,351
928,1450,1336,1303,1147,1145,835,895,1082,1228,1345,1022,1362,914,1260,1067,887
1744,1418,1392,1151,1083,462,855,728,1012,1372,957,1084,1000,1006,1253,1503,991
1247,713,844,1442,1120,1255,1458,1100,1113,1490,1408,1171,984,912,1347,855,783
1086,1326,957,1251,1030,1320,1303,916,1070,1456,1381,1052,1075,934,1358,954,709
799,1416,708,1061,1172,676,1602,1508,1071,1414,1069,985,909,996,1308,1528,297
1366,947,970,962,978,1350,1266,1405,1088,1525,1465,1062,846,950,1343,927,485
600,1440,668,1562,1208,1618,1169,695,1205,1519,1055,999,1294,1043,1195,970,724
1547,1289,1571,982,972,924,874,1053,1071,1168,1635,975,1142,1013,1199,1044,917
1599,1471,852,1268,951,819,1305,1005,1066,1411,1197,1031,1113,860,1213,1389,36
1414,1297,935,727,1357,1486,1312,711,1036,1255,1744,836,1473,659,1046,951,916
1204,1705,994,1352,880,849,1468,773,1163,1521,1162,1033,1101,884,1098,1313,14
1336,1052,643,1328,866,1630,1504,695,1186,1488,983,1175,826,1036,1379,1207,143
879,1275,936,1538,1148,1417,1125,939,1125,1258,1413,883,1379,880,1195,1147,879
737,1696,910,1653,1113,806,1137,739,944,1412,1558,881,1428,1030,995,1005,645
863,1605,999,1123,1146,1652,1024,673,1077,1369,1264,986,1310,1063,1206,989,472
1282,979,912,1075,1084,1272,1383,1257,1105,1166,937,937,1077,1012,1373,1594,361
1483,1582,1093,1370,1243,794,923,764,972,1424,1374,950,1320,971,1159,1110,947
1642,694,1599,1029,955,1180,1218,629,1007,1405,907,983,1287,942,1301,1445,957
1260,777,1330,845,1517,690,1534,1320,1027,1231,1222,1034,1265,960,1118,1423,333
1533,1435,1299,1084,878,810,1251,891,1061,1456,1327,1000,1226,965,1155,1090,390
1669,1154,1197,1236,910,909,1026,895,1163,1216,1216,964,1252,813,1190,1466,28
865,1329,1105,1126,1119,908,1472,1103,1054,1382,1196,921,1454,976,1182,1115,180
1744,1388,1624,859,877,702,971,624,1152,1143,1130,933,1371,891,1109,1551,945
1060,1630,838,1291,926,1160,1236,974,1108,1525,992,959,972,917,1494,1313,351
609,1229,664,1616,1339,1732,1176,633,1059,1573,1162,1065,1368,876,1162,1015,540
617,1514,952,1540,916,1154,1133,1061,1066,1565,1272,951,1431,903,1167,918,444
1396,1636,811,1316,1158,1028,1235,655,1055,1427,1262,992,1185,880,1222,1241,307
964,843,1068,1384,1425,1119,1416,1054,1201,1476,1561,932,1215,766,1340,789,902
877,1339,1005,1460,1164,1728,771,774,981,1265,1607,987,1211,949,1037,1223,564
932,1384,1248,1045,1312,1665,776,889,1055,1110,1653,839,1431,774,1092,1301,762
644,983,880,944,1456,1367,1642,1076,1141,1482,1125,864,1452,822,1203,1188,207
1066,1321,737,929,922,1567,1254,1403,1083,1385,1435,1159,912,952,1300,1054,485
961,939,588,1354,1111,1704,1348,1026,1172,1322,1218,930,1408,885,1252,1093,148
1709,1605,1258,1066,1060,522,946,503,1031,1484,1023,1126,1039,957,1239,1381,991
652,1297,703,1671,1192,1540,1221,807,1054,1469,948,1000,1444,1084,1129,1152,724
1622,858,1744,984,1207,853,910,599,1039,1194,1010,874,1578,877,1229,1459,957
1526,1061,787,998,1076,1289,1190,1353,1026,1534,1068,933,1062,949,1159,1542,36
1207,922,1379,1165,1261,1284,1009,929,1041,1319,1527,961,1352,807,1174,1099,887
956,1468,585,1054,1094,792,1668,1298,1096,1327,1078,1060,954,967,1214,1554,297
1196,1029,580,1332,1245,1361,1455,954,1081,1494,1571,1017,1163,803,1265,792,783
1373,672,1354,949,900,1406,1458,923,1104,1530,1381,1045,1064,955,1237,964,709
842,1642,826,1350,1077,1517,1187,838,1135,1431,1278,952,1268,1027,1222,967,472
1493,1430,1535,842,934,934,1152,935,952,1274,1539,881,1237,923,1022,1375,917
824,1312,1099,1292,981,1648,1074,919,1143,1234,1465,977,1385,848,1181,1047,879
1196,538,1501,686,1201,1160,1640,1306,1182,1274,1189,1019,1199,885,1316,1216,333
1490,1339,1238,1118,983,769,1192,940,1041,1459,1323,1001,1066,926,1143,1321,390
907,1627,639,1087,1384,831,1513,1146,1034,1415,1177,910,1136,872,1274,1462,361
1591,1315,1188,1125,925,735,1187,1020,1255,1283,1076,1040,1068,841,1218,1499,28
613,1234,1168,1218,1230,920,1613,1273,1196,1453,1132,904,1413,833,1254,1095,180
790,1744,682,1482,845,1034,1664,663,1230,1734,1221,1066,896,737,1196,1150,14
1498,1280,755,724,1276,1677,1308,732,1096,1113,1696,865,1346,744,1167,1067,916
668,1591,1305,1474,1245,879,1200,694,938,1362,1539,836,1492,1017,1026,1067,645
1419,1303,1655,988,1140,777,943,826,1079,1191,855,1028,1421,792,1124,1682,945
1079,1199,680,1231,1204,1629,1330,846,1121,1509,1062,965,845,1018,1309,1446,143
1572,1625,1006,1017,1274,601,1046,802,991,1392,1390,947,1265,883,1133,1277,947
877,1586,660,1466,1247,1099,1198,958,1064,1672,1026,1098,939,848,1343,1284,351
672,1283,868,980,1305,1140,1667,1095,1027,1510,1049,964,1432,954,1231,1113,207
1287,1509,750,1436,1150,985,1256,830,980,1320,1148,926,1280,944,1221,1461,307
924,1269,1365,1165,1121,1390,988,1058,1091,1326,1438,968,1227,829,1122,1279,887
900,1676,1245,1160,1131,1098,636,1106,983,1015,1689,899,1418,868,1119,1211,762
1169,956,892,868,1161,1294,1225,1540,1098,1322,1490,1076,987,988,1263,1036,485
1004,1057,638,1269,1258,1640,1143,895,1182,1284,1002,1098,1223,1036,1364,1091,148
1578,1259,1007,942,906,1181,1244,963,1087,1360,1065,978,1177,913,1239,1461,36
1744,1261,1041,1164,962,1012,1135,791,1212,1334,1129,1070,1059,846,1325,1305,28
646,1477,891,1490,1140,1226,1168,1054,1080,1511,1360,865,1412,861,1220,971,444
1510,1223,1724,882,993,870,1077,913,1110,1381,1631,1013,1090,915,1087,1053,917
1744,1668,1229,1080,899,482,890,711,969,1420,854,1119,893,1022,1177,1698,991
1098,1314,759,1088,917,872,1639,1542,1107,1364,1071,945,1040,891,1184,1627,297
883,1682,1033,1146,924,1617,1214,653,1159,1385,1296,1022,1319,991,1063,1045,472
886,737,1249,1321,1261,1238,1462,1087,1113,1450,1317,1043,1188,910,1357,902,902
1066,945,1594,855,918,1485,1339,845,1018,1426,1505,940,1292,971,1082,1046,709
1707,993,1677,879,1036,742,871,742,1019,1140,1126,763,1573,790,1177,1664,957
852,1559,1051,1437,1093,1418,746,982,983,1245,1539,1007,1296,877,1091,1242,564
1401,751,992,1257,976,1453,1247,1148,1125,1292,1552,1079,1124,916,1231,915,783
1436,1485,750,780,1442,1343,1305,726,953,1114,1744,757,1614,699,1041,909,916
907,1138,1442,1151,1272,1150,995,1175,1049,1233,1444,890,1481,886,1148,1149,879
864,1414,702,1561,1186,1434,919,829,1081,1358,1067,1016,1412,911,1159,1262,724
836,1417,680,1103,1222,889,1510,1181,1107,1480,1139,912,1056,899,1319,1368,361
737,1654,1132,1400,1176,920,1253,721,1029,1380,1606,900,1323,1110,1002,911,645
673,1427,1200,1161,1220,982,1450,1137,1082,1517,1171,873,1466,872,1237,1062,180
607,1533,729,1520,1502,1606,1002,702,1046,1557,1250,1083,1284,848,1172,1029,540
912,1719,1083,1435,955,779,1344,710,1168,1537,1301,921,1259,735,1035,1324,14
1177,892,1530,928,1241,1095,1325,1077,1032,1316,1225,937,1315,881,1146,1428,333
1568,1232,1021,1061,1176,1051,1145,990,1005,1428,1321,947,1279,874,1174,1252,390
1505,1608,1202,1125,1157,826,1220,587,979,1536,1345,937,1296,907,1094,1186,947
1545,1642,1477,947,1039,833,808,589,1069,1093,1067,1049,1499,861,990,1652,945
1257,1525,688,1173,1027,1349,1343,819,1039,1435,1079,1161,811,1076,1340,1339,143
1320,1606,610,1281,1077,1023,1420,627,1090,1387,1146,1140,971,888,1320,1338,307
1477,1324,1192,1366,1031,758,1140,847,1275,1184,1258,1021,1143,795,1290,1314,28
1067,970,1620,909,1358,1377,1014,926,1067,1227,1534,1019,1351,914,1169,999,887
832,1147,778,911,1395,1254,1743,1108,1113,1457,1125,938,1339,852,1246,1210,207
881,1744,493,1211,1201,1159,1431,819,1068,1619,879,1041,939,826,1544,1364,351
1086,899,735,913,914,1709,1213,1630,1036,1363,1472,1056,978,994,1311,1070,485
1318,864,1562,918,865,1434,1300,871,1070,1278,1530,986,1202,850,1228,1095,709
678,1446,937,1712,1075,961,1246,1068,1096,1510,1309,947,1433,860,1225,876,444
938,649,1090,1378,1244,1538,1416,973,1233,1371,1195,1074,1122,961,1446,878,902
663,1074,1023,1457,1291,1707,946,1038,940,1286,1722,1029,1376,940,974,970,564
1082,1143,723,1191,1092,941,1588,1410,1018,1363,1096,921,1097,964,1116,1609,297
1056,788,861,1403,1273,1399,1395,1021,1096,1374,1556,1047,1225,857,1189,913,783
455,1369,828,1638,1275,1513,1121,668,1080,1487,1282,921,1514,888,1020,1087,724
613,1471,1401,1223,1172,1383,1095,834,1021,1257,1561,921,1574,828,1028,1036,879
945,1599,1410,1006,1289,1227,740,1055,992,1243,1681,865,1403,855,1001,1183,762
1604,851,1636,998,1112,889,1186,600,1023,1254,1232,982,1426,957,1171,1229,957
1421,1486,1326,955,1098,788,1073,1008,1070,1255,1664,959,1221,843,1111,1029,917
796,1585,1473,1213,1262,753,1243,826,1010,1380,1661,880,1517,831,964,999,645
896,945,1160,969,1283,1094,1579,1314,1076,1340,1075,987,1415,963,1336,1088,180
1357,1580,978,1191,1150,746,1205,881,1012,1365,1181,919,1261,915,1088,1539,947
1355,1318,929,784,1352,1448,1353,741,1067,1213,1744,774,1486,593,984,1047,916
1505,1184,703,1061,1028,1256,1397,1050,1083,1426,1129,1003,1085,986,1277,1291,36
841,1588,594,1153,1222,944,1602,1292,1139,1408,1051,858,1102,949,1260,1513,361
857,1538,725,1382,919,917,1650,722,1174,1617,1149,1124,929,1009,1099,1170,14
891,809,490,1110,1123,1649,1552,915,1239,1404,1001,1075,1106,1106,1374,975,148
914,1021,1398,1070,1309,1292,1131,1085,1101,1354,1425,930,1369,896,1232,971,887
1575,1518,1679,815,919,757,1069,637,1103,1101,957,1132,1316,863,1178,1609,945
693,1031,828,979,1507,1001,1727,1233,1028,1531,1190,909,1445,899,1159,1098,207
864,1398,989,1326,981,1744,1076,743,1205,1316,1174,965,1279,1002,1276,1063,472
1744,1311,1404,1226,922,614,913,668,997,1451,1065,1079,1081,1000,1158,1449,991
1150,833,1218,860,1165,1203,1462,1297,1010,1203,1321,973,1430,965,1188,1190,333
853,1043,820,1475,1424,1581,1152,691,1116,1444,1080,982,1297,907,1344,1092,540
1714,1405,1075,1101,845,863,1101,1039,1056,1358,1285,922,1153,941,1144,1403,390
1111,1338,873,1220,1028,1424,1440,718,1062,1294,1065,1048,1068,976,1418,1327,307
1202,939,695,1255,1116,1573,1488,921,1122,1387,999,1035,928,1039,1409,1361,143
936,1063,868,1128,1017,1504,1299,1416,1139,1563,1479,1033,962,933,1238,933,485
726,1252,1017,1612,959,1308,1236,1089,1075,1408,1340,901,1515,947,1245,825,444
1635,1252,1178,1346,839,857,1192,981,1287,1175,1125,1038,1066,887,1309,1393,28
1428,1398,1361,880,1186,1268,717,979,1020,1126,1744,785,1404,829,904,1229,762
826,1552,951,1266,1294,1201,1196,939,1059,1570,1060,897,1188,803,1380,1323,351
1247,976,1453,1221,809,1574,1227,773,932,1442,1570,879,1352,886,1037,1177,709
1600,1263,1144,697,1325,1302,1209,677,1016,1005,1701,844,1538,674,986,1052,916
1484,849,946,1285,1317,965,1357,1077,1039,1475,1632,1080,1112,819,1170,877,783
635,1018,1265,1077,1249,982,1567,1456,1145,1419,934,936,1363,956,1288,1239,180
1112,1206,797,1089,1222,686,1589,1500,1112,1382,1008,921,909,907,1256,1640,297
711,1380,983,1568,1327,1380,1010,699,1128,1373,1120,915,1582,871,1080,1195,724
1572,1054,1744,837,1065,1006,948,718,1064,1173,1010,975,1447,900,1274,1437,957
834,1196,1092,1266,1192,1724,866,1029,1015,1257,1672,1054,1189,961,1125,1001,564
1400,1389,1514,877,941,1095,1162,900,1051,1177,1583,1066,1301,831,1122,1113,917
1631,1213,894,873,1047,1165,1240,1120,1148,1310,1107,1000,1144,879,1206,1486,36
1261,1372,1258,972,934,1536,1009,881,1083,1254,1623,796,1562,886,1000,1043,879
979,1038,1490,1139,1343,1442,906,921,1089,1405,1447,984,1286,929,1174,966,887
864,946,772,1363,1216,1726,1104,907,1198,1268,987,1060,1265,1090,1351,1061,148
827,585,1060,1436,1382,1280,1454,1172,1070,1474,1332,1184,1071,987,1391,771,902
548,1314,835,869,1346,1187,1703,1236,1141,1488,1005,997,1358,917,1304,1070,207
842,1598,1434,1416,1052,897,1087,731,953,1273,1561,741,1565,895,1010,1259,645
1060,1284,1064,930,1238,1039,1430,1235,1047,1237,1052,898,1174,898,1326,1614,361
1191,1648,1007,1241,1002,760,1420,729,1176,1523,1243,1023,1124,856,1053,1267,14
1654,1655,1070,1120,1136,491,1121,665,1034,1461,1273,938,1206,861,1181,1325,947
961,727,982,937,1107,1612,1251,1556,1073,1352,1367,1048,1036,983,1327,1094,485
1370,1517,723,1393,855,1260,1193,744,1135,1175,1159,1008,1086,945,1349,1423,307
875,710,1339,918,1371,1161,1672,1205,1107,1473,1183,1002,1341,772,1168,1234,333
1496,1498,1384,811,1045,1055,1063,630,1060,1307,1012,920,1342,767,1197,1618,945
1199,959,868,1216,1182,1484,1423,877,1108,1288,986,1070,967,1074,1309,1478,143
633,1104,750,1448,1421,1743,1250,602,1021,1527,1105,1092,1368,915,1282,965,540
672,1352,1098,1311,1112,1571,1107,896,1093,1470,1317,931,1546,913,1156,854,472
1673,1617,1206,1203,965,676,954,700,1027,1529,1065,1105,1061,873,1095,1476,991
1722,1186,986,1184,1073,862,1109,902,1147,1218,1315,1022,1218,875,1169,1316,28
1316,1087,1312,1038,966,1335,1320,906,1067,1388,1470,972,1120,913,1217,1054,709
1700,1256,1158,1079,1020,866,972,1055,1145,1277,1333,896,1209,931,1162,1327,390
587,1656,1140,1577,1269,923,1183,760,1022,1404,1493,887,1436,962,1117,959,645
674,1221,1287,1598,1090,1182,929,1229,1085,1384,1358,875,1538,893,1138,964,444
773,660,1068,1329,1633,916,1615,1261,1114,1470,1217,1113,1192,871,1489,814,902
997,1403,1036,1046,1152,1106,1361,1179,1098,1354,1173,887,1349,836,1243,1340,180
936,1386,920,1049,1218,1066,1503,1140,1015,1294,1102,1041,1155,985,1317,1371,361
1040,1403,668,1060,1024,850,1585,1529,1194,1243,907,991,903,950,1300,1660,297
1633,1309,861,885,1222,1267,1270,615,980,1160,1638,914,1466,785,1125,961,916
1507,1302,1586,984,978,853,1036,904,1052,1185,1601,931,1330,822,1087,1263,917
728,1473,1534,981,1324,1285,749,1021,985,1225,1744,809,1442,748,1009,1174,762
1670,1274,1561,876,773,1125,1042,531,1051,1287,1220,882,1456,786,1173,1416,957
781,880,500,1294,1179,1744,1450,996,1237,1394,766,1200,1136,1144,1380,1023,148
799,1694,684,1322,1097,1026,1360,1014,1171,1503,867,1099,834,988,1523,1285,351
713,1463,1157,1016,1154,1451,1298,1010,1083,1423,1337,1107,1332,882,1168,948,879
1087,1026,1482,1178,1319,1336,947,905,1014,1342,1313,961,1351,810,1239,1250,887
697,1140,793,891,1575,807,1715,1325,1134,1477,1056,893,1367,836,1190,1226,207
740,1741,751,1537,850,782,1385,797,1204,1630,1058,1079,1020,924,1198,1137,14
1266,1238,812,882,1063,1433,1077,1441,1060,1395,1584,1045,985,900,1209,1079,485
1032,1515,939,1124,980,1691,765,1017,979,1363,1710,969,1261,913,978,1077,564
1402,968,600,1485,1256,1193,1548,805,1004,1555,1539,925,1235,732,1264,1011,783
1532,1590,965,1049,1374,715,1050,763,1053,1504,1303,935,1175,917,1115,1278,947
1744,1536,1256,1057,1173,431,1011,639,971,1522,1221,1093,1032,888,1042,1474,991
1306,1347,667,1264,1199,1243,1401,696,1165,1303,1216,1065,911,1091,1389,1140,143
1287,1226,873,1174,1143,1177,1303,1052,1139,1404,1046,961,1053,1055,1364,1258,36
899,1437,718,1629,1246,1683,1024,604,1148,1471,1295,999,1339,834,1270,924,540
762,1531,633,1673,1434,1522,819,759,1233,1448,954,1051,1307,939,1155,1193,724
1262,966,1369,1115,897,1504,1356,793,1021,1506,1646,952,1094,947,1255,840,709
993,1660,1065,1101,862,1469,1194,849,1078,1319,1412,980,1221,1040,1209,1021,472
1708,1182,876,1031,1103,1043,1206,974,1020,1528,1147,1100,1107,1028,1156,1194,390
764,1676,1402,1487,1071,669,1072,925,979,1229,1656,725,1568,881,1007,1141,645
1115,780,1239,988,1372,870,1557,1311,984,1248,1319,972,1432,837,1190,1298,333
1200,1474,784,1546,1058,1233,1097,767,994,1262,1359,912,1208,860,1327,1358,307
1623,1193,1222,1195,960,837,1162,890,1175,1212,1268,1059,1225,861,1232,1248,28
761,1480,1222,1190,1326,1477,904,920,983,1346,1575,886,1266,849,1159,1216,762
816,1744,608,1362,1210,927,1381,793,1160,1624,968,958,890,861,1496,1323,351
670,1380,1185,1106,1197,933,1549,1259,1072,1368,1162,950,1346,965,1230,1187,180
745,1075,603,1023,1223,1299,1724,1350,1027,1331,982,812,1122,946,1234,1607,361
915,1062,508,973,1197,1009,1744,1580,1119,1390,1037,759,1119,916,1258,1652,297
1488,1093,809,635,1384,1436,1603,743,1009,1100,1744,709,1596,653,1055,1091,916
1652,1398,1583,1125,1065,790,802,761,998,1264,1155,984,1285,827,1190,1570,945
1316,707,777,1419,1312,1248,1286,1019,1031,1413,1730,926,1343,757,1096,889,783
735,1457,948,1576,1049,1210,1159,1146,984,1580,1433,951,1475,839,1101,917,444
1161,1304,1181,1091,1211,1458,931,909,1043,1342,1577,983,1255,960,1154,913,887
1290,1186,1570,1161,1106,963,1048,924,1035,1298,1676,935,1230,876,1169,1006,917
848,1141,1170,1384,1228,1323,1257,868,1040,1404,1531,840,1469,794,1145,1057,879
1237,1070,542,1349,1193,1667,1246,817,1077,1313,1087,1157,887,1073,1454,1189,143
1692,1030,1698,981,840,957,965,440,1023,1109,905,892,1459,991,1263,1559,957
1711,1438,1004,1230,1165,622,1075,650,1042,1490,999,1093,912,968,1267,1470,991
1034,1744,593,1347,1055,761,1383,774,1186,1493,1136,1106,1087,863,1212,1197,14
790,1468,1207,1325,1164,1563,785,859,1023,1283,1654,914,1358,858,999,1158,564
681,1035,926,1587,1308,1690,1196,633,1100,1522,1103,921,1391,898,1193,1152,540
697,984,1067,1482,1328,1176,1417,1100,1108,1322,1503,1130,1122,932,1379,784,902
875,1046,676,1242,1076,1744,1288,923,1193,1365,963,969,1319,995,1351,1125,148
910,931,775,1079,1005,1685,1362,1463,1130,1510,1497,971,979,958,1270,953,485
1638,1619,1022,1117,1082,790,1171,681,1036,1588,1284,931,1148,895,1190,1198,947
1567,1207,586,1197,959,1423,1216,1051,1164,1372,1129,1002,1002,913,1245,1437,36
660,1076,1277,1219,1128,1165,1407,1327,1174,1427,964,909,1469,926,1365,1046,180
664,1329,740,894,1370,1108,1723,1268,1140,1494,1350,855,1477,836,1053,1032,207
697,1246,970,1694,1251,1450,921,811,1092,1483,973,1007,1490,896,1065,1261,724
717,1546,1224,1473,1357,944,1140,785,924,1312,1698,836,1559,871,981,982,645
1548,1451,866,1305,1063,952,1240,745,1175,1227,1304,1019,1237,810,1173,1335,28
875,995,729,975,1200,1088,1681,1342,1148,1311,1106,872,1084,887,1298,1437,297
959,783,1408,873,1420,1066,1394,1373,1063,1293,1196,1002,1279,810,1252,1385,333
1111,1205,850,1368,1107,1457,1256,895,1127,1348,1046,878,1200,878,1288,1515,307
716,1509,892,1419,1151,1139,1301,1133,1113,1524,909,1016,1126,876,1525,1191,351
917,1329,764,1002,1312,963,1458,1414,1026,1339,1062,941,1232,821,1317,1523,361
1110,810,1400,990,926,1552,1467,998,1035,1396,1530,930,1250,876,1168,1095,709
804,1552,885,1122,1174,1550,1258,632,1049,1416,1354,975,1412,946,1191,937,472
1011,855,1373,1187,1282,1471,977,1124,1047,1233,1461,1046,1457,884,1229,923,887
1331,617,683,1319,1303,1307,1616,990,1017,1450,1516,1145,1167,866,1339,775,783
1688,1249,1184,1008,956,856,1161,951,1101,1367,1307,932,1208,857,1183,1325,390
1407,1090,1682,1043,1012,922,1017,778,1075,1216,940,891,1341,975,1211,1618,957
1589,1711,1150,1098,1250,371,932,782,1020,1486,1390,899,1209,917,1056,1303,947
1587,1229,1488,987,1014,1020,786,955,1060,1236,1504,1019,1189,936,1163,1143,917
1007,1226,1255,1152,1142,1422,1035,858,1104,1332,1211,969,1314,1007,1230,1113,879
824,1246,685,1313,1157,1724,1271,717,1153,1369,949,1190,871,1081,1278,1389,143
749,1254,1044,1668,995,1231,1174,1151,976,1494,1360,982,1640,796,1167,865,444
666,1072,993,930,1504,1229,1659,1018,1107,1581,1281,811,1277,806,1241,1165,207
766,983,744,1283,1233,1729,1169,945,1221,1312,1156,879,1298,950,1320,1144,148
617,1376,1110,1371,1217,1691,826,1052,1031,1255,1670,984,1285,942,1051,1039,564
1602,1080,924,683,1481,1465,1293,654,1033,1094,1690,833,1548,670,1046,1068,916
1049,1744,698,1423,950,817,1511,770,1239,1610,1174,966,1061,765,1107,1331,14
883,1658,1263,1054,1264,1422,813,893,975,1264,1744,816,1351,785,1065,1173,762
1744,1559,1232,979,1096,550,1166,685,1084,1561,938,1003,978,893,1123,1579,991
1045,901,1412,911,1443,937,1517,1046,1165,1279,1002,989,1169,956,1421,1299,333
729,1168,588,1629,1352,1672,1287,726,1111,1499,1117,931,1399,830,1194,1185,540
1659,1189,1744,852,1018,896,813,662,1116,1172,882,1024,1477,813,1102,1634,945
665,1328,803,1652,1167,1596,968,952,1154,1274,1055,1073,1454,996,1275,999,724
1069,1352,886,934,978,1351,1084,1626,1048,1326,1626,1014,1016,944,1249,1053,485
1059,1195,504,1064,1216,781,1701,1545,1100,1214,1152,832,1115,857,1198,1685,297
1744,1185,1037,991,877,910,1093,1015,1172,1360,926,1152,952,938,1402,1378,36
658,1236,945,1035,1382,976,1600,1326,1138,1493,1011,928,1300,889,1271,1250,180
822,723,1076,1349,1494,1184,1452,1160,1128,1593,1282,1157,1053,821,1290,955,902
1638,1482,929,1345,1021,695,1139,767,1171,1258,1145,1085,1158,973,1184,1306,28
748,1649,1060,1303,905,1471,1132,742,1084,1450,1424,982,1262,1019,1143,916,472
751,1639,1169,1596,1276,881,954,766,925,1409,1578,834,1460,890,1096,1076,645
1324,879,1515,906,988,1424,1322,874,1156,1362,1422,1033,994,919,1265,1129,709
717,1713,561,1306,1248,1221,1275,802,1215,1505,899,1062,954,825,1546,1242,351
1429,1560,1144,1195,1147,677,1004,841,1005,1331,1262,881,1269,890,1147,1495,947
696,1250,923,1163,1266,1220,1612,1105,1145,1572,1113,986,1276,853,1252,1083,207
1201,1485,677,1384,1179,1170,1321,721,1093,1323,1169,992,1167,860,1320,1356,307
956,1325,1479,1090,1152,1371,902,945,1028,1367,1610,928,1389,783,1107,1068,887
677,1406,653,1634,1188,1624,1194,707,1077,1517,1109,985,1377,966,1089,1160,724
986,892,874,1363,1191,1694,1348,824,1027,1431,971,1181,927,1136,1369,1238,143
1694,1061,1744,872,1075,680,780,743,1058,1147,1055,924,1390,961,1217,1467,957
1513,1213,947,708,1276,1509,1273,772,1011,1169,1707,807,1422,738,1069,1159,916
862,1454,706,912,1478,882,1576,1216,1029,1360,1135,965,1156,823,1272,1540,361
1744,1572,1313,1156,988,424,1004,670,971,1417,926,1215,935,1064,1126,1610,991
611,1287,1085,1623,1133,1326,1071,1055,994,1636,1302,879,1500,835,1125,1002,444
696,1324,1091,1172,1300,1628,1142,727,1127,1479,1489,906,1387,875,1200,788,879
916,1390,1118,1161,1225,1560,878,998,961,1457,1444,958,1152,904,1110,1294,564
1744,1427,785,967,969,820,1118,1080,1104,1384,1249,991,1042,984,1303,1223,390
1549,870,791,1419,1061,1293,1263,1008,989,1470,1580,1077,1232,848,1217,854,783
869,1465,1205,1164,1387,1176,907,1018,1020,1311,1492,864,1245,872,1130,1302,762
1368,1251,1445,953,965,1032,1089,863,1069,1146,979,1062,1309,894,1153,1629,945
1465,1498,1529,879,974,938,902,920,1021,1163,1672,959,1241,908,1039,1183,917
822,699,1543,946,1425,959,1366,1433,1042,1304,1298,981,1374,813,1155,1313,333
1121,1627,758,1390,838,885,1378,785,1160,1479,1072,1087,1002,967,1285,1201,14
687,1156,799,1547,1339,1596,1221,748,1040,1486,972,1127,1415,962,1166,1112,540
1240,1423,479,1141,1041,1023,1604,1272,1086,1444,1085,994,966,928,1282,1490,297
965,1271,685,1006,1101,1413,1272,1514,1149,1526,1411,1068,816,959,1403,948,485
957,1126,809,1160,1104,1739,1199,1051,1233,1493,1031,996,1179,917,1354,1077,148
1617,1068,759,1247,947,1209,1021,1293,1036,1370,1017,1003,1053,1023,1221,1477,36
843,1149,1272,1094,1325,1083,1442,1072,1131,1530,1435,1073,1093,902,1333,783,902
1221,945,1389,1213,906,1511,1195,805,1064,1496,1609,879,1214,892,1110,982,709
1718,1247,1062,1282,1109,621,1178,798,1113,1276,1242,1099,1163,757,1136,1484,28
818,1592,830,1473,1142,1199,1171,938,1107,1615,953,1023,1055,845,1473,1209,351
507,1575,1212,1594,1326,1238,1117,683,960,1498,1567,867,1470,937,968,957,645
1530,1646,1201,1313,1318,598,889,631,983,1517,1378,927,1331,820,1032,1292,947
891,1558,885,1181,1194,1617,1119,641,1093,1466,1293,995,1245,1055,1155,978,472
901,1076,1123,1230,1041,1375,1320,1210,1119,1325,1153,928,1405,941,1214,1195,180
1294,1300,662,1380,1135,1287,1377,784,1126,1313,1085,972,1100,879,1312,1493,307
675,1083,903,1014,1566,919,1633,1202,1152,1470,1167,898,1457,904,1245,965,207
839,1180,1359,1163,1257,1456,1023,870,1063,1296,1459,948,1413,961,1193,929,879
563,1359,999,1351,1288,1744,700,1105,958,1281,1565,987,1326,919,1014,1105,564
846,1576,1286,1075,1299,1438,756,993,989,1336,1584,914,1328,787,1014,1265,762
1146,1052,1425,1061,1151,1355,1015,1075,968,1354,1545,930,1451,852,1148,1032,887
1357,1290,1628,905,1251,1076,1045,726,1058,1304,1223,932,1413,776,1226,1348,945
1106,1330,635,1135,1420,1299,1301,905,1099,1455,791,1252,831,1103,1501,1246,143
732,1323,729,1687,1254,1681,1012,693,1110,1507,970,1103,1364,984,1218,1024,724
760,1351,981,1638,954,1354,1000,1135,1103,1552,1153,913,1512,872,1145,1013,444
1724,1464,1136,1101,1066,674,1034,676,1043,1587,984,1132,854,945,1148,1573,991
1121,642,814,1293,1321,1502,1336,1119,962,1439,1592,997,1269,827,1130,971,783
804,1447,655,1171,1041,1387,1546,1149,1073,1380,999,988,1056,946,1266,1537,361
1645,1371,776,1096,962,1197,1187,1012,1096,1433,1110,1000,932,1039,1387,1283,36
1684,1331,693,704,1369,1474,1209,659,1048,1080,1708,881,1446,718,1165,1035,916
1721,881,1744,849,997,934,956,706,1044,1142,981,948,1419,963,1250,1533,957
698,1592,540,1680,1331,1534,1065,676,938,1506,1159,1063,1458,932,1231,988,540
908,804,1541,721,1439,990,1592,1269,1061,1281,1297,921,1373,955,1131,1261,333
1370,897,1414,957,1101,1474,1220,816,953,1432,1643,912,1176,949,1173,1002,709
991,703,1050,1328,1278,1469,1288,1102,1065,1515,1331,1182,961,963,1405,858,902
1744,1313,1085,1209,960,730,1160,815,1166,1314,1156,1036,1099,869,1222,1418,28
1012,993,846,980,826,1542,1179,1687,1069,1450,1481,1168,797,975,1309,1031,485
1685,1256,984,1084,989,957,1301,877,1084,1553,1219,995,1070,806,1144,1409,390
1504,1403,1597,858,933,899,975,919,1116,1175,1647,1076,1152,885,1198,1014,917
931,939,793,1296,1067,1729,1195,1037,1164,1419,1035,1043,1141,1001,1448,1029,148
859,1744,881,1323,1082,791,1383,726,1119,1517,1209,1023,1149,900,1136,1227,14
751,1281,784,991,1111,1020,1630,1659,1095,1425,1044,1043,916,973,1192,1564,297
1229,1638,1305,1059,1341,575,1214,700,1031,1478,1246,986,1291,882,1046,1320,947
951,1744,594,1361,1058,780,1305,685,1183,1510,1112,992,977,911,1421,1165,351
1585,1328,1556,990,1028,989,962,634,1096,1263,990,1015,1364,743,1161,1619,945
1372,1276,844,1208,991,1060,1289,1011,1019,1557,1016,1002,917,938,1272,1530,36
743,1516,956,1450,1201,1462,808,974,999,1244,1514,965,1404,834,1047,1190,564
694,1176,962,1118,1392,835,1669,1133,1157,1273,1237,1002,1451,909,1278,971,207
856,1152,618,1364,1256,1527,1521,905,1073,1345,1251,998,941,1036,1349,1287,143
666,1082,1523,1215,1189,1288,1211,960,1133,1302,1369,970,1474,891,1104,977,879
650,1642,669,1744,1154,1503,1059,677,1029,1297,1323,954,1465,969,1145,1084,724
704,1347,1239,1034,1217,947,1579,1212,1095,1576,1122,873,1377,805,1283,1149,180
1264,1460,988,1380,925,1066,1178,748,994,1176,1171,955,1279,976,1261,1430,307
618,1395,949,1659,937,1358,1227,1074,1069,1417,1444,934,1406,864,1232,858,444
1486,744,921,1336,1169,1211,1209,987,1082,1549,1599,930,1255,760,1155,903,783
1723,1169,1657,853,1088,785,1098,592,1024,1129,1038,897,1548,900,1214,1516,957
940,1311,1412,1062,1170,1391,916,1078,1054,1278,1498,1028,1307,893,1232,924,887
736,1126,871,1535,1171,1663,1030,829,1071,1448,1138,1034,1283,932,1249,1125,540
812,1529,1244,1506,1281,1028,1007,768,926,1369,1486,899,1509,1006,1026,1007,645
802,1673,1158,1105,1466,1293,559,1095,1045,1201,1708,882,1356,810,1103,1124,762
764,1591,926,1309,988,1646,1163,709,1102,1399,1270,945,1242,1021,1198,1103,472
909,1345,693,1064,1314,906,1546,1278,1101,1333,1065,998,1093,893,1226,1530,361
690,898,649,1239,1067,1744,1348,842,1220,1415,864,1108,1168,1053,1312,1140,148
1170,577,1451,807,1338,1071,1547,1303,1099,1237,1245,913,1351,842,1168,1425,333
1069,1337,1551,1000,1272,936,1223,892,1009,1271,1015,818,1564,729,1181,1655,945
1744,1584,1097,1148,1015,629,950,544,1010,1372,1022,1043,1130,909,1070,1709,991
1037,841,1131,1438,1366,1192,1321,954,1012,1416,1365,1076,1117,932,1383,979,902
1488,1110,691,1171,1033,1343,1093,1331,1034,1295,1139,1059,1081,942,1216,1514,36
1496,1280,1585,800,1095,831,1174,952,1068,1187,1638,1026,1274,1001,1116,909,917
1129,1275,742,1004,1035,1443,1111,1481,1104,1425,1395,1125,870,940,1407,1014,485
1330,612,1495,1019,931,1410,1398,1033,973,1491,1552,911,1200,813,1133,1090,709
1744,1506,999,1260,795,671,1132,852,1280,1170,1176,1106,1031,833,1293,1391,28
971,1277,425,1273,1180,1025,1633,1492,1009,1323,1109,951,1146,970,1240,1518,297
1401,1192,1014,756,1312,1473,1348,734,965,1228,1744,826,1426,627,1006,1165,916
761,1348,1111,1598,948,1221,1181,1057,1068,1573,1283,937,1439,860,1121,949,444
938,1277,899,1218,1122,1595,1101,849,1093,1332,1242,1023,1449,957,1094,1072,472
648,1744,668,1375,951,1346,1331,817,1167,1518,1025,975,963,960,1470,1188,351
1527,1683,901,1131,1299,607,1122,689,1062,1386,1227,913,1182,913,1175,1422,947
897,1233,1191,1078,1092,1136,1524,1075,1146,1522,1038,848,1492,807,1193,1229,180
1547,1223,1111,971,1174,916,1214,965,1124,1412,1166,911,1259,982,1138,1288,390
1000,1367,498,1359,1146,1663,1333,713,1088,1420,1053,1204,828,1095,1364,1228,143
1120,1708,895,1333,921,1032,1223,775,991,1321,1247,884,1226,995,1106,1472,307
1413,786,677,1335,985,1467,1444,943,1057,1394,1622,1006,1088,838,1256,1013,783
1045,1305,1321,1344,1048,1133,950,1106,1028,1309,1426,910,1466,968,1039,1102,879
779,1240,963,1350,1270,1691,697,962,963,1147,1684,1033,1286,1006,1074,1027,564
1271,1183,1294,1016,1328,1200,1088,849,1035,1338,1550,985,1157,949,1256,1010,887
799,1237,741,1636,1298,1484,1158,769,1052,1436,1167,953,1471,892,1216,1072,540
1542,1024,1744,900,1070,810,1068,645,1052,1183,1109,950,1330,941,1392,1323,957
858,1645,638,1347,914,1272,1529,805,1237,1573,1110,1104,1044,849,1145,1166,14
817,1274,772,1165,1507,1000,1512,1179,1053,1482,1269,818,1578,784,1051,1200,207
1050,577,1437,898,1237,1191,1633,1174,1101,1400,1207,1018,1179,845,1354,1176,333
820,1171,615,1309,1069,1744,1152,913,1260,1271,1023,934,1334,1019,1389,1049,148
602,1572,1099,1465,1300,985,1119,823,1003,1368,1551,924,1355,1041,1082,956,645
1697,972,868,1103,1232,921,1285,1100,1169,1292,1147,981,1220,817,1227,1427,28
899,1238,812,1139,1183,1053,1569,1300,1202,1245,1041,860,1188,988,1333,1389,361
849,1413,862,1661,1072,1508,889,878,1149,1460,1153,965,1528,863,1105,1043,724
813,1450,1389,1069,1518,1133,799,1073,993,1130,1687,880,1375,901,1120,1124,762
1024,1227,606,1014,791,1685,1214,1475,1091,1516,1393,1098,897,1078,1354,843,485
776,1514,925,1249,929,1674,1221,840,1088,1331,1350,923,1406,969,1162,1051,472
1493,1590,1122,1290,1143,509,1030,729,1023,1490,1259,924,1269,933,1088,1294,947
1184,969,1135,1127,995,1497,1434,769,1044,1479,1535,910,1149,911,1278,974,709
1537,1221,981,1353,798,1181,1174,851,1051,1384,1165,885,1197,876,1198,1524,307
714,1417,1171,1537,1039,1218,1006,1132,1070,1324,1249,916,1567,885,1286,973,444
1310,1503,1136,1200,1128,1036,1193,543,1060,1405,1066,1004,1222,813,1269,1441,945
1636,1291,848,1038,945,1026,1260,1058,1037,1529,1043,1030,1007,954,1261,1367,36
1619,1134,1597,880,1052,889,1138,787,1042,1302,1621,990,1138,887,1217,1065,917
1012,1444,443,1055,1052,883,1656,1430,1131,1463,1059,895,1041,916,1224,1453,297
1535,1550,1112,682,1185,1077,1418,663,1072,1106,1744,789,1420,748,1049,1146,916
895,1288,1025,1305,1194,1712,852,885,956,1324,1568,1014,1230,936,1063,1134,564
1624,1398,1046,1068,995,924,1172,939,1037,1485,1230,925,1231,921,1143,1308,390
579,1666,1219,1675,1064,1155,1053,738,962,1239,1575,855,1615,930,925,1093,645
894,1101,723,1074,1362,752,1725,1414,1127,1449,1109,798,1551,795,1246,1189,207
1659,1709,1325,1076,1127,503,851,610,990,1562,974,1065,1023,958,1216,1459,991
912,1459,882,1518,1114,1191,1099,938,1107,1535,1103,964,1079,867,1382,1243,351
1410,1418,811,1292,907,1336,1278,824,1101,1399,1001,1021,948,996,1257,1557,143
665,978,1223,1094,1333,1234,1454,1299,1048,1413,1104,859,1571,929,1176,1172,180
1176,945,717,1051,918,1623,1090,1551,1116,1380,1495,1035,893,956,1415,990,485
1267,818,761,1472,1316,1297,1474,840,1021,1477,1497,965,1211,855,1246,968,783
1005,1234,1287,1211,1027,1508,1070,881,1046,1358,1428,867,1444,932,1114,1091,879
814,746,1162,1178,1267,1446,1378,1289,1090,1439,1358,1116,1073,968,1297,939,902
947,1744,615,1339,985,720,1486,781,1086,1566,1185,1189,1134,916,1072,1132,14
773,1637,1045,1255,1286,1276,885,1027,1057,1319,1580,1013,1171,853,1226,974,762
979,1417,744,1188,1190,1172,1332,1146,1098,1380,1114,933,1020,926,1348,1461,361
764,1312,610,1489,760,1705,1143,969,1210,1225,952,1144,1416,985,1307,1041,148
829,1380,730,1655,1121,1627,1004,475,1121,1413,1212,869,1420,883,1254,1108,540
1602,1246,1149,1197,924,949,964,918,1301,1200,1174,976,1152,761,1219,1497,28
1173,1591,581,1090,996,740,1658,1325,1108,1362,1109,1013,931,927,1169,1596,297
853,699,1292,1012,1353,1436,1289,1346,942,1399,1255,952,1367,845,1192,1328,333
628,1319,549,1641,1373,1730,1246,605,1182,1587,925,1140,1205,1070,1292,879,724
1103,797,1491,1094,1341,1647,905,883,1018,1359,1421,976,1264,902,1226,1114,887
1661,1372,1642,844,975,638,952,661,1002,1114,1009,966,1493,926,1182,1488,957
895,1511,858,1678,821,1251,1026,1099,1020,1506,1265,1000,1411,1024,1093,954,444
1343,1744,537,1391,925,985,1359,781,1055,1483,1037,1019,1070,1024,1192,1400,307
1630,1608,1337,888,904,841,925,644,1008,1250,1052,1079,1336,873,1045,1630,945
1354,1213,1503,951,960,1198,1049,939,1012,1292,1587,1023,1127,940,1151,1116,917
593,1744,1200,1340,1227,1049,1353,591,918,1503,1623,899,1387,1038,940,930,645
749,1491,946,1377,1142,1574,865,961,990,1275,1629,943,1202,994,952,1218,564
630,1250,851,1069,1376,1052,1726,1168,1098,1525,1071,951,1419,882,1193,1141,207
917,1347,971,1528,864,1613,1038,873,1072,1304,1452,933,1408,935,1158,999,879
843,1711,789,1280,1094,1154,1306,890,1143,1507,1008,1028,985,881,1448,1280,351
1161,965,1320,1153,1164,1435,1345,737,1051,1653,1551,850,1144,821,1155,1052,709
1531,1387,962,1024,856,1088,1177,913,1054,1493,1180,951,1097,1011,1175,1319,390
1724,1513,858,765,1216,1312,1294,470,1027,1277,1658,793,1372,690,1051,932,916
711,1291,850,1214,1151,1109,1602,1262,1126,1429,939,970,1319,947,1432,1118,180
1429,1744,915,1127,1376,562,1179,584,1059,1623,1181,981,1174,904,1114,1244,947
875,1593,966,1321,959,1556,1063,787,1085,1443,1313,931,1354,940,1103,1111,472
1709,1479,1108,1047,933,635,942,655,945,1340,1010,1146,988,945,1125,1649,991
968,1012,747,1104,1022,1487,1229,1536,1044,1478,1388,1108,963,981,1316,1002,485
1402,770,751,1428,1042,1469,1379,987,1023,1514,1531,1037,1106,909,1283,877,783
1038,1558,1323,1008,1294,1239,842,926,990,1192,1721,897,1319,908,1087,1069,762
1303,1343,562,1327,970,1528,1381,795,1134,1476,976,1070,898,1032,1384,1310,143
862,1153,651,1305,1064,1744,1208,903,1261,1388,935,1008,1383,940,1255,1110,148
1096,1617,663,1519,899,821,1473,717,1254,1540,1145,1033,1036,1009,1163,1089,14
1600,1315,798,1121,823,950,1277,1216,1163,1447,1033,1001,987,976,1300,1373,36
938,1617,788,1115,1039,780,1579,1199,1098,1334,1005,1027,1234,908,1285,1389,361
677,1443,755,1487,1241,1744,1178,533,1118,1347,1236,958,1343,980,1335,963,540
1016,1432,679,1108,1092,782,1663,1366,1099,1420,999,885,1022,1026,1260,1569,297
1653,1479,979,1230,987,906,1065,732,1292,1140,1049,1142,996,967,1398,1296,28
928,1350,1188,1168,1265,1463,938,977,1060,1489,1366,925,1195,988,1250,1007,887
1642,1595,1382,949,1086,647,904,668,1058,1159,1098,935,1399,772,1215,1644,945
692,1480,883,1661,890,1220,1360,952,1087,1613,1206,935,1464,818,1199,954,444
721,1650,1375,1403,1143,1102,1012,817,937,1363,1644,842,1461,913,895,1204,645
1350,1123,1222,816,1180,743,1568,1113,1021,1203,1226,890,1380,929,1224,1407,333
1526,1431,1474,818,1056,786,1112,856,1053,1267,1660,934,1269,880,1077,1054,917
839,786,867,1376,1486,1272,1532,1072,1122,1437,1196,1149,1065,1004,1551,756,902
1629,1251,1669,1094,870,817,972,620,980,1296,1006,908,1507,960,1150,1449,957
1327,1202,512,971,1142,1197,1381,1515,1097,1447,1491,1146,940,877,1404,878,485
1254,1744,593,1258,930,1084,1369,631,1137,1312,1206,963,1048,813,1236,1554,307
780,1249,1149,1270,1085,1360,1135,1222,1069,1269,1634,877,1494,829,1100,955,879
751,1077,1002,882,1289,1069,1610,1350,1123,1473,1051,839,1552,788,1115,1285,207
1543,1429,826,711,1372,1327,1281,772,981,1144,1744,743,1519,660,1070,958,916
1258,844,1247,1059,1051,1598,1384,738,1032,1457,1570,911,1205,937,1188,933,709
1112,1500,697,1171,996,1607,1316,786,1041,1429,1445,953,1345,976,1162,929,472
1597,1247,884,1180,942,1144,1158,1016,1033,1346,1219,918,1266,1022,1245,1231,390
1669,1446,1240,1061,1245,488,1116,872,1068,1466,1331,941,1221,879,1119,1253,947
1144,1436,681,1359,1220,1281,1235,828,1118,1382,1055,1066,899,1123,1371,1266,143
1337,898,715,1280,1051,1336,1505,972,1036,1395,1616,1168,1133,936,1208,748,783
561,1559,506,1744,1137,1683,1088,709,1153,1558,943,981,1328,982,1219,1116,724
949,1744,883,1570,949,524,1344,650,1220,1506,1384,953,1260,867,943,1147,14
846,1669,749,1413,1123,1262,1100,871,1131,1580,961,964,1066,894,1381,1303,351
1712,945,963,1077,1021,1001,1229,1078,1042,1376,1317,1048,1096,954,1266,1181,36
978,1110,872,1318,940,1604,1181,970,1104,1290,1195,969,1540,888,1141,1153,148
1605,1741,1349,1149,947,812,756,759,1066,1187,1148,837,1455,833,1038,1625,945
846,1357,965,1297,1124,1666,867,1030,981,1269,1566,948,1216,974,1025,1301,564
1726,1265,1190,1234,888,757,1187,819,1213,1136,1172,1027,1231,744,1154,1563,28
895,1168,793,1067,1429,925,1599,1356,974,1415,1099,878,1231,924,1144,1550,361
478,1123,1050,1129,1308,1123,1630,1389,1003,1563,1071,932,1481,853,1217,1151,180
824,1596,1165,1444,1026,1078,1060,775,884,1316,1705,859,1565,879,876,1000,645
822,972,1285,1120,1355,1635,1034,962,1043,1379,1355,1025,1312,959,1231,976,887
1153,1744,1037,931,1331,1136,823,965,983,1256,1699,928,1265,786,1072,1055,762
1744,1647,1185,1017,1011,434,1001,586,1002,1479,1062,1119,964,975,1169,1510,991
683,1441,659,1608,1401,1662,1005,588,1078,1520,1149,1052,1335,908,1216,1014,540
1032,981,953,968,979,1570,1150,1512,1080,1261,1606,996,1235,900,1225,952,485
1316,1020,1358,1205,815,1397,1327,842,1071,1406,1620,917,1313,819,1158,890,709
711,962,1019,1117,1278,1053,1685,1266,1118,1367,1222,908,1611,835,1086,1130,207
920,747,933,1311,1414,1311,1586,1008,1186,1448,1348,1082,1081,936,1368,831,902
1744,1097,939,595,1200,1463,1312,733,1023,1070,1634,842,1509,627,1047,1178,916
1497,1307,1555,874,1045,910,1070,970,1047,1331,1503,1102,1111,939,1155,1092,917
1078,1014,1518,1182,980,1596,990,894,1121,1099,1593,865,1644,808,1049,1044,879
1610,976,1647,860,1143,680,1059,737,1093,1221,1069,936,1435,832,1241,1438,957
644,1506,986,1731,1001,1247,1087,986,1020,1573,1433,889,1590,863,1000,887,444
1556,1325,876,1065,858,1212,1118,1090,1190,1356,1008,1002,1042,953,1351,1337,36
1088,927,1383,789,1068,972,1491,1351,1033,1283,1395,967,1375,796,1054,1377,333
1243,1271,846,1228,1001,1519,1381,791,1196,1461,889,1097,841,952,1419,1425,143
906,1421,863,1648,1203,1422,859,729,1124,1502,1059,991,1366,984,1094,1157,724
1041,1710,613,1195,1211,770,1443,631,1204,1480,1214,1042,1123,870,1213,1134,14
1244,1269,906,1330,1147,1111,1406,867,1038,1262,1192,947,1310,775,1177,1520,307
983,1325,1012,1417,1063,1695,742,869,1025,1223,1576,1089,1228,954,1102,998,564
902,1566,951,1336,1021,1658,1167,678,1173,1367,1302,994,1386,902,1155,968,472
1510,1744,1111,1094,1206,562,1242,487,1094,1491,1372,886,1255,918,1118,1146,947
1572,1401,1124,1102,972,869,1040,828,1087,1333,1346,1002,1225,936,1187,1164,390
1182,1246,778,1032,1121,778,1570,1492,1109,1279,1058,985,966,931,1325,1623,297
1468,1687,1595,996,959,666,917,616,1023,1178,1101,886,1535,778,968,1695,945
1354,811,928,1243,1055,1534,1285,1029,1125,1532,1506,999,1013,892,1258,934,783
977,1137,835,1447,1362,1595,1204,567,1135,1412,1058,1042,1393,936,1366,938,540
609,1580,1101,1673,1202,974,1170,765,938,1427,1595,899,1419,957,966,1041,645
1043,1214,657,1247,1038,1744,1132,704,1095,1242,1210,1047,1349,1118,1201,1018,148
1468,1309,782,741,1281,1495,1354,850,1063,1220,1679,832,1456,670,1044,1018,916
887,1367,699,1003,1349,850,1714,1347,1047,1391,1144,939,1124,851,1294,1490,361
1724,919,1374,1279,903,1002,990,914,1200,1049,1137,995,1281,787,1293,1505,28
774,1182,1042,1083,1185,1070,1506,1328,1040,1420,1125,932,1418,861,1238,1246,180
919,1664,689,1499,1125,1030,1227,813,1197,1475,913,1019,1077,829,1382,1388,351
935,952,636,1212,1073,1540,1290,1531,1164,1503,1378,1060,876,994,1333,972,485
1029,987,1415,965,1171,1563,1025,1096,965,1407,1463,1024,1278,952,1168,1023,887
1542,930,1744,1000,1322,757,839,792,1074,1121,924,973,1448,983,1222,1535,957
850,705,993,1477,1129,1516,1513,1050,1094,1530,1313,1164,1077,868,1294,940,902
816,1421,1084,1055,1356,1428,896,1157,999,1277,1696,905,1229,798,1102,1251,762
925,856,1450,776,1481,903,1576,1290,1121,1373,1147,910,1304,828,1167,1430,333
787,1140,1327,1319,1242,1494,1010,961,1019,1278,1319,983,1497,924,1222,991,879
1335,868,1387,1074,1005,1515,1265,727,1083,1414,1571,857,1224,1025,1086,938,709
1744,1324,1173,1098,1248,575,1138,528,977,1566,1119,1088,991,910,1093,1536,991
1360,1359,647,1215,1048,1546,1309,758,1179,1271,1014,1016,971,1034,1304,1468,143
618,1389,1094,1691,986,1203,1154,1062,993,1427,1283,999,1514,923,1150,991,444
1452,1487,729,1064,966,1169,1216,1081,1098,1310,1008,1091,1087,981,1247,1458,36
1436,1194,1727,949,985,1056,939,821,1021,1274,1731,862,1331,796,1040,1095,917
666,1099,850,1013,1411,1180,1647,1237,1200,1543,1026,834,1387,909,1222,1159,207
1001,1451,984,1418,1137,1515,762,929,931,1358,1464,982,1223,961,1025,1320,564
566,1146,640,1603,1361,1656,966,915,1196,1373,1053,1010,1447,885,1244,1071,724
1441,1568,1092,1060,1221,879,1204,815,994,1476,1341,946,1264,807,1118,1334,947
908,1314,988,1071,984,1738,1147,752,1144,1411,1326,1038,1222,985,1165,989,472
739,1026,850,1392,975,1653,1174,911,1269,1357,980,984,1295,1045,1343,1007,148
1661,1395,1640,855,918,678,678,580,1044,1065,1238,925,1527,804,1089,1532,945
1635,1198,1205,1204,945,856,1236,904,1151,1268,1165,975,1257,859,1216,1389,28
940,1485,715,1230,1236,1127,1619,893,1243,1541,1114,1060,1015,813,1209,1280,14
863,1314,711,1058,1175,1063,1508,1200,1058,1441,980,1008,1100,921,1216,1543,361
1432,1353,1029,683,1447,1363,1454,500,1084,1184,1661,852,1413,697,1134,956,916
1495,1680,764,1227,1028,1075,1265,653,1001,1498,1035,1000,1029,909,1261,1528,307
683,1672,621,1209,1156,1125,1448,835,1198,1570,968,973,975,842,1457,1251,351
1726,1408,1399,968,970,894,903,848,1096,1226,1172,924,1388,924,1163,1360,390
915,965,615,1376,1369,1422,1561,993,999,1509,1555,1052,1139,842,1244,892,783
1682,1580,1226,1019,1107,390,1041,720,976,1461,1187,1024,1005,1004,1072,1551,991
1055,1351,673,1079,920,1062,1596,1437,1071,1309,1214,952,1074,953,1240,1462,297
589,1682,1242,1594,1350,993,983,716,902,1350,1723,803,1541,865,931,995,645
915,1341,845,1688,1155,1487,1132,671,1082,1367,1239,930,1522,824,1202,1114,540
1244,1122,1475,1032,1059,1447,978,923,1048,1311,1442,974,1290,926,1191,1098,887
1251,928,1378,1200,860,1544,1304,815,1031,1332,1651,865,1372,928,1163,917,709
572,956,812,975,1520,1011,1726,1384,1020,1586,1166,940,1617,744,1128,1079,207
1513,1052,1731,790,1170,766,914,629,1035,1215,1074,1001,1374,1012,1262,1307,957
743,1502,862,1221,1148,1039,1630,1061,1211,1484,972,922,1392,842,1329,1128,180
798,867,1155,1317,1517,1304,1223,1055,1044,1441,1572,1128,1192,903,1284,716,902
960,712,1471,854,1419,1055,1474,1303,1036,1309,1298,901,1348,875,1180,1333,333
1628,1374,1049,1036,976,1016,1026,1073,983,1369,1156,1053,1125,901,1152,1539,36
1418,1265,1545,1000,1068,999,933,938,1030,1162,1681,980,1268,867,1125,1128,917
1080,1034,994,849,994,1563,1056,1537,1123,1380,1397,1128,819,993,1292,1148,485
834,1432,1274,995,1304,1396,910,1107,1000,1376,1507,882,1329,818,1131,1110,762
1401,991,693,1495,1203,1233,1277,960,1022,1416,1609,1058,1284,844,1157,829,783
848,1527,1095,1534,918,1094,1120,1015,1099,1534,1322,1036,1323,923,1122,893,444
682,1467,760,1742,1109,1530,918,828,1091,1340,1008,1000,1659,902,1093,1178,724
862,1744,815,1371,836,900,1382,621,1127,1601,1299,1092,1070,915,1034,1112,14
1229,1390,808,1048,1181,1425,1418,754,1088,1417,1227,1099,866,1028,1268,1287,143
1175,1025,857,1309,1051,1672,1060,897,1243,1368,1118,1032,1198,919,1375,1027,148
1074,1583,1118,1270,789,1511,1011,691,1115,1318,1423,911,1452,860,1157,1044,472
1576,1334,1039,696,1202,1409,1113,782,995,1042,1725,764,1572,683,999,1209,916
