l5e1,l5e2,l5e3,l5e4,l5e5,l5e6,l5e7,l5e8,l7e1,l7e2,l7e3,l7e4,l7e5,l7e6,l7e7,l7e8,maj_class
1078,1084,599,1229,1260,795,1623,1448,1025,1498,863,1095,827,933,1340,1663,297
954,1251,963,1230,1242,1676,1167,713,1084,1597,1122,1025,1145,908,1215,1169,472
1054,894,813,1016,1216,1558,1316,1394,1103,1593,1185,1185,804,909,1364,1137,485
816,1161,629,1565,1346,1744,1090,664,1084,1550,1016,1086,1168,886,1307,1134,540
1744,1290,1247,1158,1098,812,989,697,1042,1462,781,1148,922,994,1277,1583,991
1297,1142,629,1321,1210,1393,1413,720,1110,1461,901,1148,770,1075,1361,1420,143
1015,1077,675,1169,1371,1242,1505,1226,1021,1390,877,1044,1005,937,1323,1638,361
1650,1091,1230,1017,1086,922,1120,992,1061,1529,1027,943,1067,935,1176,1523,390
1139,1283,595,1204,929,1095,1514,1521,1111,1411,1061,980,971,906,1303,1537,297
825,1605,878,1240,1018,1497,1186,848,1175,1457,1295,1029,1218,940,1168,998,472
1554,1485,886,1311,912,847,1018,931,1039,1534,929,999,891,954,1252,1631,991
1149,1574,605,1247,1124,1443,1213,858,1081,1414,1014,1165,863,1059,1343,1341,143
1288,1045,798,956,874,1470,1333,1464,1129,1411,1352,1033,918,941,1268,1228,485
1165,1358,748,1170,1032,1001,1575,1206,1105,1312,878,1030,1006,1020,1361,1568,361
768,1135,713,1543,1293,1686,1088,801,1043,1437,1065,983,1305,938,1319,1190,540
1721,1569,951,987,955,859,1077,1070,1053,1474,1094,1034,1094,980,1210,1341,390
850,1648,508,1145,964,944,1512,1471,1107,1444,1016,939,947,931,1268,1539,297
886,1501,860,1124,968,1513,1352,999,1132,1455,1110,992,1168,1012,1196,1201,472
1744,1641,1110,1177,1021,773,907,660,913,1544,1098,1097,947,1001,1077,1565,991
1288,1374,713,1286,1010,1507,1178,827,1052,1490,898,1186,859,1080,1241,1428,143
969,979,695,960,1020,1639,1042,1699,1120,1488,1288,1133,838,932,1415,1066,485
930,1487,675,1006,1216,996,1600,1287,994,1395,964,955,1029,1000,1196,1640,361
883,1197,592,1456,1360,1563,1277,784,1060,1530,979,1069,1248,1008,1298,1088,540
862,1528,412,981,1030,987,1646,1552,1118,1288,946,978,915,1003,1276,1670,297
1717,1551,787,855,916,944,1257,1089,1109,1363,1147,1026,1070,902,1297,1366,390
1149,1004,602,1169,895,1543,1203,1645,1096,1430,1421,1100,769,962,1427,1075,485
1158,1145,424,1325,1141,1348,1432,999,1138,1349,931,1164,770,1189,1443,1296,143
794,1350,887,993,1274,886,1634,1386,1045,1393,909,905,1079,915,1261,1628,361
1720,1475,1116,1026,1034,682,1037,803,1039,1507,891,1180,840,997,1237,1589,991
810,1564,686,1254,1027,1530,1224,943,1140,1475,1129,1091,1252,967,1030,1196,472
887,1252,571,1555,1277,1735,1086,698,1050,1545,1024,1032,1294,943,1215,1177,540
1509,1467,1157,946,981,783,1049,1131,1102,1304,1319,962,1172,1033,1202,1186,390
948,1630,570,964,1099,749,1714,1273,1169,1478,957,895,796,1096,1368,1521,361
912,1701,570,1241,1022,1396,1455,934,1210,1373,955,1074,803,1131,1393,1341,143
1127,1106,496,838,985,1661,1156,1592,1163,1272,1377,1059,899,1103,1386,1021,485
892,1304,692,1074,1122,789,1655,1655,1094,1267,964,954,1027,961,1294,1660,297
1649,1566,898,1133,864,866,1121,641,1040,1537,899,1147,851,975,1263,1568,991
933,1290,712,1135,877,1688,1208,1030,1169,1402,1159,944,1238,993,1345,1030,472
1078,1249,662,1084,1164,1269,1440,1163,1057,1458,974,1087,978,970,1245,1511,361
1155,1334,534,1285,1048,1697,1375,812,1122,1483,925,1116,806,1050,1350,1416,143
1629,1349,863,1019,921,1180,1050,1076,1150,1456,1143,1002,1046,965,1185,1333,390
738,1282,520,1500,1436,1516,1339,721,1089,1661,988,1068,1175,929,1289,1081,540
1092,1452,492,1062,1016,925,1668,1317,1114,1382,1043,1004,981,964,1244,1521,297
1684,1463,1078,1201,903,682,1078,711,983,1502,1035,1005,1006,936,1183,1604,991
1259,1138,773,990,863,1519,1129,1423,1081,1396,1532,1034,833,938,1247,1188,485
981,1400,710,1159,1155,1363,1251,1261,1048,1353,941,960,1054,1070,1263,1572,361
1481,1459,940,1032,911,1307,1213,782,1101,1397,1160,981,1041,1010,1173,1417,390
841,1277,683,1460,1316,1740,1057,666,1097,1431,1073,990,1196,1003,1372,1118,540
1049,1428,961,1137,944,1389,1276,1085,1067,1552,1216,1088,1251,894,1107,1105,472
1331,1481,553,1222,978,1599,1275,806,1044,1418,1013,1103,783,1138,1367,1414,143
1744,1488,1262,942,1077,603,934,787,977,1431,920,1078,982,975,1227,1632,991
901,1586,557,1135,939,702,1587,1410,1076,1459,1004,953,858,973,1314,1550,297
1372,1060,873,877,959,1362,1336,1405,1117,1486,1380,1000,864,939,1341,1117,485
1119,1203,502,1209,1040,1631,1584,709,1148,1509,856,1248,726,1067,1413,1313,143
957,1652,871,1116,1102,1574,1068,706,1063,1482,1190,1042,1142,1090,1170,1101,472
1057,1177,671,1024,1058,1322,1544,1382,1101,1289,940,991,919,1025,1407,1557,361
1706,1447,1410,962,951,834,1034,826,1020,1385,1224,989,1197,952,1130,1378,390
933,1153,820,1513,1401,1709,987,562,1052,1468,1053,1061,1293,902,1186,1265,540
1144,1220,684,974,834,1547,1166,1446,1089,1460,1466,1089,879,971,1284,1042,485
1744,1461,1082,1008,1062,641,1176,648,1022,1443,948,1182,884,990,1245,1563,991
1004,1466,436,1106,1028,923,1707,1479,1112,1449,1084,1000,899,980,1192,1508,297
932,1414,820,1213,1028,1592,1110,1081,1091,1391,1284,956,1274,1041,1170,1073,472
1502,1559,1042,1070,964,801,1243,915,1036,1480,1184,996,932,1006,1196,1450,390
1030,1592,624,1017,1234,994,1394,1287,1053,1396,1203,962,1093,898,1259,1416,361
1068,1177,610,1207,1211,1439,1377,996,1087,1428,1037,1045,859,1047,1299,1478,143
1283,1036,915,898,987,1305,1158,1669,1077,1278,1330,1092,988,1019,1232,1264,485
1744,1663,1093,1040,949,414,1184,890,956,1472,767,1157,846,1069,1187,1673,991
985,1511,694,1118,905,958,1624,1482,1067,1384,964,1003,955,1003,1239,1655,297
1017,1698,918,1086,973,1511,1187,813,1112,1370,1217,1041,1240,1009,1090,1201,472
1024,1563,575,1044,1137,958,1623,1164,1110,1526,1064,964,965,946,1300,1405,361
748,1423,583,1452,1479,1510,1041,710,1021,1584,1120,1096,1196,926,1257,1080,540
1357,1231,858,1036,1143,1163,1198,1016,1058,1446,1279,1004,1131,917,1250,1195,390
1219,1401,516,1256,1007,1517,1377,899,1067,1441,1050,1167,791,1109,1328,1327,143
948,932,656,1049,932,1718,1235,1671,1016,1395,1337,1096,894,991,1345,1206,485
1287,1361,522,1153,1079,903,1531,1374,1001,1327,926,1019,962,1014,1135,1720,297
921,1586,677,1013,1166,1090,1506,1296,1167,1433,968,891,979,952,1272,1568,361
753,1575,951,1294,924,1578,1274,837,1129,1472,1180,1001,1139,1044,1244,1071,472
1744,1490,1099,1210,972,607,891,758,982,1412,915,1132,929,1031,1162,1644,991
924,1075,547,1520,1291,1744,1144,770,1080,1559,1025,935,1341,901,1262,1177,540
1632,1262,905,1056,941,820,1236,1209,1052,1392,1137,849,1092,960,1144,1624,390
1087,949,477,1264,1214,1498,1567,1156,1077,1372,916,987,861,1048,1395,1564,143
1231,1068,895,1078,928,1368,1173,1538,1078,1540,1368,1009,876,965,1244,1200,485
1367,1052,631,1070,1003,916,1535,1675,1137,1418,796,984,718,1025,1328,1722,297
895,1318,715,1056,1236,1250,1460,1286,1089,1313,869,970,1005,987,1461,1573,361
895,938,590,1098,1050,1518,1388,1496,1028,1421,1295,1144,926,1039,1378,1049,485
1038,1087,519,1334,1073,1595,1542,1050,1071,1378,947,1183,875,1101,1352,1373,143
678,1227,573,1539,1456,1622,1217,703,993,1530,1019,1042,1375,902,1289,1130,540
900,1436,946,1350,976,1620,1062,899,1152,1474,1168,997,1279,934,1263,1009,472
1601,1671,1055,1207,927,802,1044,681,1013,1577,937,1173,915,947,1161,1512,991
1744,1299,1033,1105,891,900,1046,1115,1117,1316,1203,977,1077,1048,1170,1372,390
858,1327,857,981,1179,1031,1435,1511,987,1291,1012,1085,1076,1024,1319,1486,361
1006,1221,524,1029,974,1144,1652,1524,1120,1352,893,1011,871,940,1281,1648,297
1178,1112,680,885,1112,1448,1195,1647,1083,1332,1506,1019,950,996,1258,1118,485
1710,1646,995,1055,1185,664,1021,639,999,1505,1002,1144,842,980,1142,1577,991
1177,1448,585,1181,1119,1369,1553,797,1189,1308,1098,1096,877,1115,1401,1196,143
770,1414,636,1546,1166,1684,1209,705,1168,1468,1182,1034,1313,854,1276,985,540
944,1624,938,1137,901,1526,1220,918,1102,1341,1306,986,1188,1048,1255,1054,472
1678,1557,840,999,836,1029,1111,979,1030,1437,1189,1201,994,1069,1158,1202,390
780,1024,564,1142,1303,1261,1610,1424,1017,1420,834,906,1003,937,1281,1744,361
1012,1061,470,1111,1289,1058,1702,1480,1103,1462,939,829,956,918,1282,1725,297
1273,1309,491,1355,1031,1718,1120,871,1087,1267,1053,1138,871,1098,1446,1320,143
1694,1652,936,1211,1111,608,994,707,1048,1467,950,1070,878,987,1282,1521,991
644,1127,534,1514,1337,1682,1334,701,1115,1595,1004,991,1201,938,1319,1117,540
1289,943,627,1075,942,1672,1371,1327,1084,1407,1534,1024,919,984,1236,1092,485
848,1149,535,992,1264,959,1680,1421,1190,1488,854,900,931,878,1357,1633,297
803,1435,677,962,1375,936,1669,1365,1089,1352,1022,979,1099,874,1385,1480,361
794,1564,719,1113,1216,1744,1209,728,1052,1479,1219,1016,1270,924,1187,1133,472
1618,1249,1185,1044,968,987,1151,918,1084,1506,1114,954,1125,900,1181,1416,390
868,1148,414,1286,1167,1709,1539,843,1199,1439,864,1140,762,1089,1379,1408,143
1645,1377,1075,1058,1151,657,1168,823,1057,1544,870,1047,938,969,1221,1601,991
803,1101,562,1473,1239,1600,1286,915,1120,1455,1050,976,1295,880,1195,1308,540
1053,992,757,922,1002,1539,1297,1633,1093,1329,1479,995,992,860,1371,1161,485
1095,1027,539,1120,1110,1016,1592,1564,1108,1244,1076,856,1040,863,1177,1663,297
869,1597,752,1178,1004,1582,1288,867,1074,1454,1352,1032,1109,1031,1245,983,472
1159,1028,645,1255,1142,1440,1535,916,1046,1375,976,1156,802,1231,1385,1309,143
722,1370,622,1015,1476,1244,1546,1175,1072,1434,959,1085,928,945,1395,1458,361
1744,1576,1155,1126,964,564,1008,886,972,1352,910,1179,922,1049,1143,1685,991
1680,1396,604,1057,941,996,1253,1149,1108,1357,1174,930,1087,1006,1269,1349,390
562,1199,486,1728,1340,1665,1217,865,1059,1543,1002,1149,1298,968,1196,1065,540
1145,1463,419,1233,876,1294,1580,1187,1074,1409,1079,1069,920,979,1305,1436,297
1001,1144,567,1091,956,1601,1339,1553,1106,1443,1345,1113,819,1016,1429,1003,485
919,1424,860,1190,1135,1612,1194,703,1143,1419,1228,1038,1169,1059,1157,1067,472
944,1322,531,1215,1423,1372,1482,899,1093,1459,772,1279,835,1109,1555,1178,143
1677,1467,1029,1166,1121,823,837,688,1051,1458,955,1163,885,1019,1173,1530,991
776,1549,548,1236,1096,1441,1349,1161,1076,1271,963,1009,1091,1017,1288,1536,361
782,1547,570,1638,1303,1666,1048,647,994,1452,1008,1156,1281,995,1262,1132,540
1148,1042,589,1047,896,1550,1223,1660,1084,1527,1395,1156,720,1003,1345,1050,485
1674,1339,679,1119,910,1006,1473,962,1102,1520,1064,1003,975,955,1280,1381,390
929,1307,494,1018,1162,1044,1670,1549,1101,1516,966,1054,799,993,1227,1544,297
1115,1189,679,1315,1179,1386,1496,777,1062,1434,1062,1085,747,1096,1327,1453,143
825,1210,567,1517,1316,1604,1138,896,1076,1399,1023,1035,1218,987,1281,1210,540
913,1520,720,1397,905,1602,1072,903,1078,1219,1250,996,1283,1100,1133,1221,472
951,1434,522,1139,1344,889,1707,1234,1072,1328,928,1050,975,944,1305,1624,361
1741,1651,971,1031,992,735,1146,588,974,1317,914,1080,1020,1015,1178,1664,991
1057,917,616,998,1081,1572,1238,1567,1093,1365,1265,1214,796,1066,1478,1003,485
871,1427,474,1275,1066,967,1563,1513,1010,1347,1008,988,1025,995,1243,1559,297
857,1647,661,1134,1033,1513,1264,926,1154,1377,1176,1021,1294,1011,1132,1115,472
1575,1237,1003,1056,1053,1180,1136,1025,1128,1397,1094,944,1154,997,1229,1337,390
960,1310,598,1262,1224,1699,1255,919,1114,1397,1017,1165,837,1138,1340,1272,143
823,1363,473,1581,1359,1502,1001,969,1044,1399,1131,1005,1316,1015,1265,1105,540
849,1394,756,1098,1246,1090,1490,1334,1117,1245,1045,957,1125,1021,1270,1500,361
1102,1128,548,919,937,1744,1191,1413,1079,1540,1255,1146,866,1103,1293,998,485
1017,1467,943,1133,881,1570,1158,1061,1130,1431,1301,926,1250,1004,1172,1066,472
1005,1525,477,1051,1002,883,1669,1476,1100,1386,977,931,1021,1032,1157,1593,297
1546,1263,910,1080,1047,1248,1260,861,1082,1597,1131,953,1106,952,1265,1192,390
1683,1706,869,1140,1067,598,1084,784,978,1584,996,1084,919,1039,1236,1444,991
1319,1442,559,1195,982,1423,1326,985,1073,1494,886,1112,844,999,1345,1517,143
1190,1176,668,1001,841,1577,1189,1518,1135,1433,1350,1062,830,947,1412,1091,485
917,1509,577,1080,1153,1328,1459,1238,1087,1446,1072,974,865,948,1395,1493,361
733,1299,544,1636,1091,1716,1148,770,1125,1359,1163,883,1419,917,1328,1086,540
1151,1576,371,1196,1017,708,1744,1316,1072,1474,1031,971,845,947,1287,1629,297
1722,1303,883,1060,811,1122,1270,988,1072,1415,1133,928,996,973,1304,1440,390
900,1465,991,1164,1012,1519,1117,1108,1060,1390,1405,821,1330,905,1137,1232,472
1744,1385,1020,1079,885,745,910,921,965,1316,1003,1265,888,1000,1232,1599,991
1106,1094,784,989,1061,1440,1231,1505,1026,1489,1230,1131,887,962,1319,1234,485
1419,1188,520,1198,882,1587,1466,1017,1198,1485,956,1099,716,1001,1412,1413,143
1106,1442,681,1076,1023,1015,1590,1133,1051,1396,916,1123,1028,984,1354,1428,361
652,1356,403,1465,1234,1744,1391,829,1041,1462,992,1010,1213,1024,1430,1108,540
918,1391,644,1117,1031,875,1687,1447,1123,1346,1050,886,1097,976,1208,1517,297
1167,1128,544,1017,1107,1221,1283,1640,1089,1362,1284,1129,965,943,1458,1050,485
1026,1395,750,1227,991,1486,1264,1093,1052,1351,1158,959,1327,1043,1219,1171,472
1571,1252,836,1116,932,1069,1250,1193,1083,1338,1075,996,1179,1008,1301,1300,390
1221,1370,429,1340,1129,1421,1307,1063,1120,1411,943,1162,746,1113,1493,1276,143
923,1170,653,1025,1500,1003,1585,1383,962,1462,968,946,1048,973,1161,1708,361
1744,1469,1136,1088,1026,502,940,917,1005,1419,865,1145,953,1036,1263,1594,991
648,1405,541,1644,1452,1659,1119,637,1065,1509,1068,1041,1309,894,1212,1182,540
1055,1122,703,820,965,1557,1284,1619,1077,1338,1321,1014,988,976,1349,1217,485
1131,1311,538,1300,986,1701,1400,888,1167,1330,908,1132,845,1059,1430,1409,143
842,1518,717,1283,965,1709,1239,942,1172,1389,1225,995,1239,923,1216,1121,472
1669,1358,964,1064,861,938,1080,1057,1073,1358,1267,990,1083,942,1209,1358,390
840,1156,483,1129,1303,1018,1643,1467,1123,1447,844,1056,846,1004,1331,1612,297
1004,1192,705,1405,1316,1569,1164,660,1112,1575,974,1036,1217,967,1351,1012,540
885,1296,601,1024,1278,1015,1617,1471,1074,1455,939,975,1014,900,1357,1566,361
1002,836,593,1163,1151,1589,1339,1566,1118,1573,1284,1134,880,911,1372,1008,485
1744,1493,1090,1037,1101,538,1095,757,1000,1550,1039,1083,887,998,1189,1453,991
1225,1186,445,1226,1036,1721,1338,952,1188,1301,976,1046,878,1110,1384,1397,143
965,1553,870,1191,915,1627,984,764,1171,1336,1210,1114,1191,1031,1254,973,472
675,1325,591,1033,1208,1326,1621,1317,1074,1513,983,1028,994,957,1228,1503,361
1694,1442,1078,1039,969,945,1019,900,1135,1260,1192,1044,1180,951,1231,1287,390
1605,1723,927,1202,1079,660,968,786,952,1488,1034,1020,1022,1036,1078,1515,991
990,1420,536,1115,822,1030,1595,1490,1094,1371,1060,977,975,945,1338,1520,297
751,1389,677,1726,1157,1578,1231,734,1108,1439,1142,880,1481,823,1267,1140,540
1101,1189,847,865,1028,1638,1034,1473,1075,1390,1419,1107,830,1026,1294,1139,485
1182,1453,555,1224,1154,1558,1339,805,1088,1413,1007,1086,910,1075,1270,1431,143
1008,1672,1003,1291,856,1553,994,791,1044,1354,1290,1004,1400,920,1096,1172,472
1631,1572,967,1248,1121,702,973,854,955,1571,1078,1036,1092,805,1151,1582,991
753,1289,529,1088,1058,1033,1580,1595,1051,1329,1040,974,1122,825,1262,1597,297
1053,1197,505,941,937,1465,1403,1647,1110,1474,1356,1118,699,939,1353,1231,485
709,1467,601,1585,1119,1661,1015,794,1100,1420,1129,1064,1347,934,1204,1082,540
1170,1378,600,1256,1050,1527,1345,954,1068,1367,1059,1069,878,1090,1212,1537,143
1012,1659,653,1003,1266,740,1594,1231,996,1248,1141,931,1130,926,1190,1648,361
1071,1502,796,1321,904,1664,1117,791,1092,1303,1345,1013,1322,1045,1217,943,472
1744,1552,1159,1159,1074,567,853,721,993,1560,919,1123,889,931,1224,1574,991
1732,1332,766,997,838,1127,1227,1248,1053,1449,1183,1026,1107,982,1199,1281,390
1031,1155,797,1500,1202,1591,1162,569,1058,1483,1065,1042,1168,1059,1220,1185,540
1017,1468,511,1385,1227,1641,1165,715,1145,1437,1062,1072,886,1070,1368,1240,143
988,1376,498,1042,1034,1092,1563,1294,1078,1503,1101,926,821,943,1278,1609,297
1134,984,609,1014,1090,1571,1324,1505,1117,1414,1412,1114,783,990,1387,1059,485
840,1447,606,1050,1318,1124,1575,1183,1101,1489,930,980,997,1030,1365,1388,361
987,1401,992,1346,928,1573,1045,852,1065,1462,1313,889,1354,961,1147,1089,472
1107,1131,546,1355,1035,1731,1396,884,1138,1431,1016,1110,899,1111,1372,1203,143
1657,1503,819,1160,965,994,1174,944,1025,1483,1267,907,1210,1047,1132,1209,390
1632,1659,1048,1301,1024,716,982,704,990,1606,926,1016,950,1001,1151,1477,991
857,1150,651,1183,1004,1711,1215,1449,1107,1434,1441,1034,975,1034,1323,932,485
805,1454,609,1622,1131,1734,1166,693,1099,1367,1013,972,1365,991,1336,1137,540
972,1488,759,1115,900,1658,1230,981,1160,1251,1264,972,1273,1000,1180,1180,472
919,1440,569,965,1141,1076,1632,1306,1173,1323,954,973,964,986,1449,1458,361
1081,1455,326,1174,1147,917,1660,1366,1103,1526,853,928,846,963,1387,1540,297
1116,1610,737,1183,897,1526,1182,1016,1133,1459,1327,913,1249,930,1198,1071,472
1107,974,787,971,944,1627,1414,1385,1121,1542,1390,1135,784,934,1370,1004,485
798,1058,721,1459,1348,1634,1420,591,1110,1622,1004,1112,1194,903,1327,1008,540
1744,1599,1314,1121,969,551,1050,607,1021,1628,958,1079,901,915,1202,1544,991
1710,1497,1012,1063,876,973,1177,720,1055,1609,1195,1030,1060,995,1115,1221,390
1106,1517,570,1171,1070,1532,1450,752,1137,1436,1072,1115,826,1040,1316,1338,143
1043,1244,401,1131,1083,1009,1656,1447,1051,1402,1043,1040,849,1029,1302,1473,297
1699,1422,861,1049,1101,526,1205,1013,1109,1479,789,1111,894,1017,1144,1683,991
974,1204,699,1023,940,1691,1142,1535,1062,1418,1394,1081,866,993,1339,1127,485
972,1391,572,1483,1309,1526,1137,672,1116,1531,1139,929,1270,860,1235,1170,540
911,1565,656,1016,1302,881,1600,1274,1080,1462,937,1020,987,929,1329,1524,361
749,1644,851,1300,989,1652,1041,998,1073,1348,1300,1026,1285,1004,1212,1032,472
1279,1295,703,1381,920,1584,1287,806,1112,1342,896,1194,849,1107,1338,1442,143
1037,1419,541,1110,942,1059,1630,1542,1104,1375,941,951,1035,1011,1285,1573,297
1618,1279,1029,1051,1004,1033,1155,891,1042,1573,1022,1028,1077,942,1150,1446,390
825,1632,504,1062,1225,1268,1510,1073,1015,1392,961,1165,964,1062,1271,1450,361
1671,1379,1121,1106,1080,780,891,920,935,1423,1075,1187,969,955,1214,1522,991
764,1275,549,1517,1245,1577,1218,889,1078,1440,933,1050,1234,1003,1341,1201,540
874,1651,651,1447,896,1731,1056,836,1126,1321,1318,957,1340,1049,1115,1054,472
1677,1537,912,1104,813,1190,1032,924,1070,1463,1263,945,1091,982,1172,1294,390
1005,1183,392,1196,1112,1117,1570,1569,1067,1448,939,902,852,970,1314,1612,297
1010,1424,417,1369,1155,1540,1312,905,1082,1536,947,1200,840,1156,1346,1173,143
1155,1194,565,1003,792,1604,1182,1689,1079,1345,1399,1119,931,960,1258,1189,485
1058,1187,786,984,1119,1320,1428,1390,1096,1326,1092,1056,994,969,1337,1410,361
912,1610,599,1303,1053,1457,1207,861,1109,1293,1181,1062,1220,1083,1272,1060,472
871,1068,591,1601,1251,1729,1037,766,1137,1503,1048,1048,1340,954,1294,956,540
830,1364,358,1291,986,1442,1673,1275,1103,1370,1001,1030,949,1024,1378,1415,297
984,944,492,911,1106,1546,1508,1624,1122,1453,1202,1091,777,965,1477,1193,485
1504,1259,896,1167,913,1309,1167,1043,1095,1494,1131,1050,1149,930,1225,1206,390
918,1018,465,1397,1123,1727,1459,817,1097,1344,916,1124,846,1163,1390,1400,143
1744,1659,1147,1206,829,605,964,742,947,1516,951,1107,916,1060,1138,1593,991
950,1316,490,1158,1015,980,1691,1486,1117,1407,930,929,921,942,1356,1623,297
864,1568,504,1044,1338,975,1538,1300,1102,1413,986,998,960,944,1347,1530,361
881,1610,686,1394,935,1507,1058,952,1103,1405,1342,1074,1148,930,1245,1033,472
705,1448,508,1508,1314,1704,1086,637,1040,1532,1071,1123,1248,1009,1301,956,540
1710,1472,1064,1019,1081,419,1036,939,1002,1479,904,1121,851,1015,1293,1615,991
943,1143,503,1065,1119,1433,1365,1627,1158,1552,1214,1029,857,935,1448,1087,485
1353,1314,565,1194,1041,1095,1376,1048,1111,1288,914,1075,936,1087,1329,1540,143
1002,1356,846,1096,1205,902,1481,1300,1038,1413,936,895,1098,923,1317,1628,361
1100,1286,482,1331,1059,1523,1382,1032,1075,1484,1000,1076,797,1051,1407,1390,143
1701,1220,1095,1025,969,795,1311,1015,1096,1488,972,982,1091,949,1323,1379,390
1066,1407,512,1014,1055,1107,1579,1474,1129,1310,899,977,961,922,1392,1582,297
1632,1483,1237,934,1139,418,1250,793,1017,1529,791,1143,887,1092,1286,1511,991
900,1561,768,1158,1106,1412,1263,873,1121,1562,1166,953,1154,1076,1122,1126,472
1031,1192,744,833,1103,1569,1201,1470,1155,1413,1354,938,866,1024,1363,1145,485
1226,1551,565,1230,1038,1002,1414,1169,1050,1363,960,1049,996,967,1342,1553,361
667,1165,643,1473,1408,1713,1321,729,1115,1539,986,1011,1251,1008,1355,1015,540
1190,1165,634,1228,1136,1590,1330,930,1179,1365,967,1073,838,1003,1413,1430,143
1687,1435,1030,861,1123,1038,1012,1028,1040,1453,1010,1081,1024,1031,1279,1362,390
1129,1275,506,1230,917,957,1557,1396,1127,1406,831,1012,863,953,1287,1652,297
1679,1492,1356,936,1060,426,937,799,1035,1384,953,1151,820,1016,1274,1624,991
862,1525,691,1255,920,1575,1286,902,1220,1363,1065,1068,1177,1055,1348,984,472
1064,1194,539,1028,1086,1413,1273,1564,1152,1485,1187,1191,760,962,1509,1034,485
1013,1522,734,1241,1103,1038,1399,1125,1141,1444,916,969,906,1025,1438,1426,361
1697,1346,1177,891,880,937,1139,1036,1059,1333,1222,970,1123,941,1274,1358,390
1302,1455,430,1094,1026,1644,1457,767,1095,1397,1001,1087,757,1176,1350,1417,143
1022,1168,634,1077,1005,1033,1593,1610,1066,1392,854,987,956,991,1387,1521,297
937,1357,710,1490,1206,1711,1078,699,1091,1499,1005,1019,1172,1071,1339,1084,540
953,1513,869,1106,993,1488,1156,948,1104,1423,1310,916,1249,1017,1126,1135,472
1655,1491,1341,983,947,746,1005,767,1045,1570,938,1009,918,955,1211,1593,991
1097,1363,1079,1089,1099,821,1437,1254,1050,1390,998,860,1235,863,1132,1659,361
841,1250,588,1095,983,1683,1248,1401,1027,1404,1410,1047,990,1003,1322,1077,485
1589,1162,1061,851,852,945,1267,1287,1055,1404,1232,1001,1029,904,1186,1469,390
902,1308,836,1496,1141,1631,1105,843,1086,1308,1158,995,1310,941,1305,1177,540
1554,1395,1271,1167,979,671,1012,937,1003,1459,859,984,1082,991,1079,1647,991
1200,1545,557,1155,999,1430,1204,1044,1137,1404,1051,1070,894,1027,1315,1382,143
1177,1300,905,889,955,1216,1133,1592,1110,1455,1339,1146,947,907,1347,1029,485
865,1465,821,1333,975,1593,1274,815,1154,1397,1161,1006,1158,1078,1275,1051,472
1015,1329,705,1376,1277,1658,989,813,995,1445,1040,1101,1262,1006,1205,1226,540
762,1269,526,1060,1006,1160,1655,1611,1168,1325,1011,821,1022,1000,1295,1613,297
1079,1651,955,883,1149,763,1402,1318,1125,1402,913,1012,1041,896,1344,1547,361
1007,1109,525,1329,1162,1659,1405,923,1026,1463,985,1157,862,1095,1412,1280,143
1692,1343,1047,1074,1257,760,1084,812,934,1543,898,1197,928,1024,1290,1432,991
1659,1280,1077,1094,930,863,1055,1076,1054,1410,1097,993,1052,947,1151,1528,390
797,1328,518,1571,1313,1558,1120,701,1112,1459,1087,986,1237,1048,1228,1123,540
1059,1127,685,1103,1279,1162,1429,1436,1139,1223,859,920,1024,985,1333,1730,361
993,928,577,1099,1172,1025,1592,1650,1134,1311,808,948,945,932,1280,1706,297
1263,1193,654,1208,1025,1479,1480,831,1172,1433,830,1184,849,1046,1330,1436,143
1018,1149,877,954,943,1557,1121,1565,1025,1437,1489,1047,952,947,1193,1190,485
854,1443,828,1285,1128,1462,1177,1079,1111,1487,1200,977,1209,940,1205,1151,472
1631,1698,1134,1088,1060,583,996,736,1053,1401,827,1109,956,1037,1275,1615,991
961,1115,511,1052,1119,950,1714,1562,1105,1400,786,1024,927,902,1289,1694,297
1744,1448,780,1049,1131,877,1018,802,1108,1318,1094,964,1086,1002,1200,1507,390
876,1274,770,1010,1295,1068,1507,1415,1005,1439,823,1008,1015,939,1338,1614,361
967,1612,495,1136,943,1391,1496,927,1182,1354,957,1079,855,1023,1430,1400,143
1091,1353,659,1481,1373,1639,1100,465,1125,1471,898,1110,1141,1088,1309,1138,540
936,1073,646,901,843,1579,1304,1672,1152,1351,1334,1001,945,931,1330,1236,485
1104,1609,837,1269,783,1739,997,835,1132,1271,1357,1000,1294,924,1218,1084,472
1188,1281,580,970,1096,707,1669,1661,1036,1297,953,924,948,1082,1219,1704,297
1618,1592,1134,1073,948,620,987,772,1023,1451,917,1141,915,1045,1226,1504,991
1457,1456,991,1038,1006,1148,1034,1058,1047,1344,1275,906,1218,970,1119,1401,390
907,1390,677,913,1275,1107,1631,1380,1219,1312,890,987,938,965,1391,1578,361
1067,1517,706,1159,899,1499,1189,1110,1116,1244,1238,902,1288,1072,1255,1165,472
1314,1291,615,1231,992,1476,1354,971,1154,1333,886,1122,816,1192,1341,1436,143
893,1101,706,969,837,1672,1211,1683,1054,1438,1375,1102,808,1048,1340,1115,485
1150,1539,617,1089,932,892,1418,1559,1061,1302,1129,955,1024,927,1174,1614,297
708,927,502,1559,1475,1744,1148,844,1135,1550,945,1205,1094,1060,1317,974,540
917,1129,711,962,962,1502,1316,1603,1075,1434,1478,939,989,992,1289,1032,485
1682,1672,1249,1011,1002,474,1070,705,973,1434,1034,996,1029,952,1160,1580,991
778,1561,802,1111,926,1541,1325,1131,1121,1426,1297,925,1168,1064,1181,1098,472
985,1492,820,993,1142,911,1464,1322,1109,1313,974,923,1120,915,1309,1597,361
1667,1445,1079,933,744,1077,1045,1083,1085,1433,1188,887,1120,992,1104,1471,390
647,1324,417,1109,1186,1034,1735,1587,1108,1491,1000,852,991,965,1234,1602,297
736,1230,722,1549,1285,1680,1007,960,1042,1415,1099,1042,1394,1010,1216,1062,540
1744,1614,1156,1040,852,709,908,814,1010,1424,868,1107,981,896,1153,1741,991
1068,1344,625,1194,1129,1421,1353,972,1079,1357,956,1081,900,1097,1249,1518,143
1195,1315,682,992,880,1383,1012,1626,1115,1399,1450,1004,950,929,1198,1235,485
1113,1286,588,1162,992,1090,1524,1423,1113,1279,1025,924,952,944,1217,1662,297
1107,1398,767,1171,1144,813,1497,1263,1058,1273,850,944,1118,994,1344,1642,361
740,1483,932,1292,1076,1620,1036,976,1097,1337,1248,1033,1381,981,1175,1028,472
1084,1287,737,1466,1175,1620,986,686,1120,1353,939,1088,1197,982,1372,1229,540
1695,1683,1041,1093,1102,514,1130,672,976,1585,831,1121,885,963,1151,1676,991
1609,1548,866,1244,895,1042,1069,885,1039,1420,1145,939,1102,993,1107,1535,390
1379,1135,712,1292,1151,1539,1176,804,1073,1362,848,1197,876,1109,1276,1518,143
1200,1261,416,1062,963,1027,1662,1505,1094,1365,1015,965,935,977,1248,1652,297
967,1365,692,1005,966,1418,1209,1526,1095,1412,1319,1046,925,970,1371,1142,485
1743,1496,1114,1059,1069,724,989,727,974,1336,881,1083,1014,1009,1254,1668,991
838,1323,626,1574,1249,1688,1100,566,1107,1506,1089,1089,1268,1038,1241,942,540
910,1389,653,1004,1287,1151,1600,1134,1102,1446,1023,1094,934,1027,1352,1302,361
916,1411,831,1120,1074,1602,1187,1058,1028,1308,1358,960,1308,917,1152,1249,472
905,1289,474,1122,1079,1010,1617,1416,1023,1506,986,927,886,908,1223,1699,297
1362,1121,604,1346,1131,1592,1284,766,1020,1346,758,1179,850,1070,1379,1656,143
1744,1422,886,953,932,948,1060,989,1100,1364,1175,906,1134,940,1183,1478,390
1302,997,804,1021,1040,1248,1332,1515,1051,1486,1320,1070,901,929,1226,1297,485
1114,1383,811,1383,824,1616,1107,893,1057,1305,1192,1076,1301,1061,1145,1143,472
840,1381,644,1116,1171,1266,1538,1228,1033,1371,926,842,1029,1011,1358,1579,361
915,1167,880,1571,1176,1598,1170,674,1128,1346,1022,973,1361,928,1362,1160,540
1662,1428,1230,1263,1011,654,1036,597,1037,1459,1007,1040,1073,921,1194,1549,991
1306,1249,558,1486,957,1518,1239,811,1118,1329,953,1112,968,1154,1305,1341,143
1605,1209,893,1031,932,1037,1182,889,1116,1332,1199,980,1175,939,1246,1293,390
1053,1291,542,1160,937,1117,1657,1470,1081,1387,852,916,883,1052,1416,1635,297
1109,1035,557,1137,801,1656,1249,1575,1141,1384,1320,1134,902,1000,1320,1079,485
1666,1398,1156,1165,998,696,995,658,988,1408,809,1117,975,1003,1327,1618,991
907,1401,626,1600,1387,1593,1017,517,991,1488,983,980,1366,972,1274,1226,540
1525,1324,506,1185,872,1473,1426,864,1200,1301,1020,1095,796,1005,1420,1442,143
1062,1515,852,1344,1120,1507,1039,681,1057,1471,1267,964,1257,959,1166,1139,472
906,1664,685,988,1244,1035,1633,969,1008,1516,961,1012,1036,925,1299,1492,361
1727,1492,1016,983,1021,887,1126,887,1043,1583,1094,952,1111,890,1146,1461,390
1742,1668,907,1163,1034,845,953,732,913,1601,1039,1038,980,921,1106,1604,991
978,1605,626,1304,947,1689,1294,697,1090,1449,1226,1118,1139,1076,1138,1044,472
1176,1084,552,1090,987,1328,1345,1601,1044,1518,1338,1117,868,891,1297,1204,485
1196,1468,399,1194,988,1668,1300,869,1086,1419,1015,1068,902,1097,1233,1460,143
748,1621,725,1063,1289,1110,1600,1099,1047,1509,1066,914,1201,888,1255,1400,361
676,1231,513,1527,1344,1675,1128,897,1019,1585,1092,1040,1264,963,1326,991,540
935,1431,633,1213,930,834,1576,1553,1034,1519,858,908,947,990,1231,1664,297
1200,1292,1073,1208,913,1650,910,864,1092,1297,1201,1005,1328,1034,1198,1125,472
1734,1497,1169,1168,1059,682,894,900,948,1452,893,1211,960,1032,1242,1502,991
1667,1410,1013,955,856,1066,1001,1128,1044,1393,1240,973,1094,923,1307,1306,390
759,1439,453,1155,1148,997,1699,1336,1168,1459,874,1057,829,1032,1466,1378,361
699,1296,499,1614,1274,1561,1344,777,1020,1573,968,1012,1189,1041,1214,1232,540
1284,1003,640,961,1065,1604,970,1539,1084,1296,1413,1126,851,1004,1319,1187,485
1000,1222,481,1186,1280,1720,1339,877,1103,1374,1012,1146,848,1087,1330,1380,143
863,1042,498,1070,1218,1147,1646,1615,1148,1438,793,936,960,967,1224,1688,297
1666,1405,1198,1254,907,633,903,821,968,1412,873,1009,1099,984,1164,1655,991
767,1394,691,1256,1037,1744,1300,920,1102,1390,1164,1043,1167,1038,1158,1218,472
1308,1594,738,1215,897,1384,1231,698,1195,1370,892,1065,945,998,1273,1523,143
569,1398,744,1211,1410,1069,1433,1343,1055,1339,905,875,1203,966,1279,1626,361
1088,1120,582,995,1248,1380,1356,1462,1111,1486,1208,1136,823,973,1459,1049,485
736,1228,665,1451,1204,1671,1342,614,1062,1525,1064,989,1285,960,1355,1038,540
1439,1085,1074,1116,1067,1295,995,1103,987,1336,1026,986,1151,1048,1268,1478,390
830,1249,457,1003,1051,738,1744,1619,1011,1371,957,854,1071,934,1238,1706,297
1703,1683,844,1072,1052,706,1147,762,934,1676,880,1107,875,1006,1188,1534,991
1045,1402,475,1305,1240,1412,1484,873,1093,1477,1040,1088,761,1040,1361,1416,143
743,1489,693,1310,1069,1557,1362,846,1118,1529,1032,1045,1126,1060,1242,1128,472
763,1137,545,1478,1313,1688,1491,667,1093,1537,967,1001,1135,990,1280,1277,540
1063,1132,669,1040,940,1598,1083,1630,1009,1382,1451,1085,990,938,1257,1168,485
1273,1387,595,1216,974,1102,1385,1348,1072,1344,955,1022,858,942,1378,1686,297
957,1330,780,1078,1151,1078,1458,1404,961,1369,1022,1023,992,1004,1256,1634,361
1554,1660,961,1118,1149,624,1122,630,1081,1605,816,1097,784,1030,1302,1564,991
1391,1400,1112,1151,1012,1168,1019,934,1026,1418,1310,943,1216,955,1123,1289,390
803,1562,745,1442,777,1528,1230,1008,1143,1338,1319,878,1307,961,1106,1228,472
650,1314,537,1671,1270,1602,1201,871,1044,1551,1105,1030,1275,903,1277,1095,540
1004,1174,411,1031,1171,770,1740,1583,1124,1453,982,956,937,912,1308,1493,297
1243,1603,567,1300,919,1504,1296,724,1238,1413,1015,1058,920,993,1311,1332,143
882,947,710,1041,1352,1196,1611,1488,1071,1414,1053,913,1145,863,1188,1584,361
1158,1191,542,970,997,1323,1410,1553,1088,1552,1364,1060,832,913,1349,1113,485
1618,1280,817,1002,1081,981,1076,1203,1096,1437,1173,977,1117,937,1137,1406,390
1654,1572,1138,999,1008,532,927,735,972,1445,918,1093,927,1020,1272,1617,991
857,1367,614,1573,1420,1572,989,822,1071,1460,1081,1040,1406,885,1299,1038,540
792,1284,864,1328,932,1626,1320,808,1171,1436,1181,1007,1264,1006,1261,954,472
987,1404,583,1224,1075,1578,1458,794,1199,1465,1008,1072,964,1000,1273,1299,143
809,1170,736,1074,1293,1263,1515,1344,1048,1426,971,999,1006,1002,1375,1453,361
1671,1497,1166,963,763,716,1273,786,1121,1459,963,1006,1042,954,1225,1479,390
1683,1592,833,1166,985,750,1186,633,977,1671,909,1091,853,950,1181,1585,991
1223,1168,617,1090,1062,961,1546,1556,1113,1306,1026,929,1074,906,1213,1628,297
1032,1142,703,864,1020,1340,1263,1582,1086,1350,1432,1099,937,968,1371,1037,485
754,1533,777,1240,1073,1638,1155,913,1133,1334,1278,982,1311,952,1187,1103,472
904,1111,782,1602,1163,1729,1035,819,1047,1389,1075,998,1345,1041,1349,1036,540
1109,1333,505,1082,964,1163,1563,1502,1072,1402,918,1054,847,956,1314,1605,297
1019,1269,585,1434,861,1722,1343,733,1117,1254,879,1225,918,1138,1376,1373,143
606,1354,826,910,1135,1471,1629,1078,1072,1340,884,1074,993,999,1510,1386,361
864,1573,595,1398,988,1670,1055,873,1103,1358,1230,973,1176,1057,1193,1190,472
837,1345,551,1603,1148,1713,1167,771,1071,1458,1027,1135,1232,956,1299,1102,540
1714,1696,855,1071,1062,739,1046,662,1019,1540,1003,1047,910,887,1266,1582,991
1696,1401,994,914,849,1215,1209,932,1126,1353,1203,987,1110,915,1381,1205,390
1150,981,804,987,787,1504,1163,1637,1016,1192,1337,1222,915,1047,1337,1214,485
1139,1393,483,1351,1148,1452,1312,996,1069,1288,972,1069,1021,997,1285,1552,143
917,1338,444,1184,985,986,1680,1481,1092,1355,921,1044,1010,925,1339,1581,297
1708,1362,927,908,850,802,1108,1213,1095,1412,1132,1039,1021,947,1195,1439,390
1055,1366,658,1502,1208,1591,1135,650,1068,1348,1109,1093,1341,928,1285,1108,540
1744,1359,1187,1007,878,599,923,981,988,1424,969,1177,967,1063,1205,1487,991
1032,1531,693,1193,1123,1690,1153,711,1084,1214,1282,1080,1362,1013,1183,1062,472
823,1103,837,1106,1431,1163,1413,1298,1014,1175,864,1050,1280,964,1314,1572,361
1240,1188,555,1311,1097,1464,1315,943,1071,1544,759,1148,811,1030,1417,1500,143
1179,1079,695,1082,1152,1253,1205,1635,1047,1439,1282,1177,853,992,1362,1128,485
1130,1256,491,1243,1137,751,1508,1481,1118,1303,1088,929,950,973,1307,1550,297
858,1124,491,1609,1290,1712,1230,749,1108,1457,1108,934,1255,930,1279,1209,540
1676,1445,1035,1249,948,596,946,789,970,1530,959,1073,966,964,1130,1643,991
858,1463,787,1424,989,1493,1177,959,1034,1315,1292,964,1349,946,1052,1328,472
650,1144,647,1590,1273,1694,1113,994,1129,1407,1049,986,1316,917,1209,1267,540
1065,978,519,1218,1281,1479,1539,989,1127,1270,887,1144,882,1011,1496,1431,143
1539,1448,811,1214,905,1192,1099,886,1116,1350,1165,917,1153,886,1156,1537,390
778,956,914,1086,1355,1368,1465,1358,986,1449,937,941,1115,1018,1239,1567,361
1219,1063,772,917,1038,1281,1332,1632,1079,1459,1300,1116,860,987,1313,1166,485
834,938,586,942,1126,1184,1659,1709,1161,1344,880,1033,832,1079,1249,1665,297
838,1417,744,1697,1331,1481,955,775,1018,1470,1058,1010,1323,1018,1189,1194,540
942,1528,744,1262,940,1429,1181,875,1094,1369,1252,976,1363,1071,1125,1030,472
1607,1573,1162,1231,1167,681,858,738,1086,1489,879,1142,895,937,1229,1623,991
1258,1188,1021,1098,1002,1296,1395,1009,1079,1598,1034,1027,1054,898,1177,1401,390
994,1414,468,1306,976,1251,1499,1364,1170,1364,874,991,956,1037,1304,1552,297
786,1607,414,1134,1264,1199,1587,1267,1038,1380,990,1075,993,1033,1299,1472,361
997,1081,603,1269,979,1739,1497,853,1197,1534,934,1133,785,1121,1416,1160,143
851,1245,543,1084,1009,1579,1293,1513,1057,1466,1431,1106,896,971,1292,1061,485
819,1259,493,1700,1218,1674,1200,716,1051,1387,1092,1050,1383,1013,1297,1007,540
751,1519,682,1326,1057,1696,1164,908,1085,1495,1159,1075,1105,1140,1219,1002,472
1732,1488,1013,858,1028,903,1163,872,1117,1434,1125,937,1084,903,1274,1393,390
1152,1414,463,1132,981,837,1636,1585,1069,1414,983,1022,801,995,1330,1594,297
1742,1399,989,1086,1029,767,1101,734,982,1420,932,1131,909,1060,1251,1595,991
938,1070,621,1096,1238,1377,1330,1505,1021,1334,917,1031,1000,1096,1259,1582,361
1183,1196,474,1278,1176,1711,1268,895,1135,1311,941,1114,843,1145,1490,1301,143
921,1178,633,985,1045,1702,1148,1589,1159,1291,1392,1078,919,997,1412,1032,485
1464,1218,989,1047,848,969,1239,1316,1066,1416,1183,907,1113,966,1184,1445,390
560,1320,567,1652,1178,1709,1157,681,1129,1246,1056,1042,1346,1022,1332,1107,540
1026,1361,732,1250,1048,1528,1056,884,1127,1399,1204,1048,1200,1036,1233,1033,472
1557,1666,1080,1255,1077,687,945,786,1033,1516,968,1087,957,935,1172,1512,991
1028,1302,396,1095,1014,1064,1666,1503,1147,1534,838,965,839,1013,1372,1517,297
658,1197,827,1113,1379,1098,1468,1484,1044,1404,1005,910,1173,920,1236,1588,361
691,1391,544,1452,1287,1731,1126,694,1119,1614,961,1163,1043,1014,1455,906,540
1280,1298,522,1362,1146,1642,1197,744,1133,1509,1012,1068,848,1003,1237,1462,143
1131,1100,948,1008,948,1304,1145,1554,1026,1472,1364,1175,909,953,1258,1123,485
1562,1500,866,1152,933,1190,1142,831,1107,1536,1121,1103,939,1011,1278,1185,390
1203,1406,700,1157,954,1049,1429,1315,1081,1472,883,1046,898,974,1280,1614,297
1733,1321,1260,1214,1107,811,811,616,956,1507,675,1124,987,915,1167,1718,991
780,1445,744,1329,1019,1739,1170,926,1106,1433,1270,1006,1270,958,1209,1028,472
849,1371,697,938,1170,1093,1645,1326,959,1262,981,1036,1156,953,1328,1542,361
645,1256,589,1523,1338,1744,1176,751,980,1514,1046,1046,1348,954,1304,1088,540
1065,1116,730,1051,929,1613,1247,1484,1116,1530,1274,1074,836,958,1290,1202,485
1641,1538,1003,962,997,668,1236,850,1032,1506,852,1113,829,996,1352,1594,991
1142,1332,622,1156,1179,906,1380,1563,1025,1301,964,1004,1039,988,1197,1696,361
1627,1396,891,1032,831,1034,1292,1052,1181,1531,1050,931,986,909,1293,1399,390
1023,1479,544,1106,918,906,1605,1516,1125,1516,935,957,778,988,1366,1615,297
790,1462,946,1224,962,1533,1278,940,1139,1406,1273,1023,1278,988,1218,955,472
1145,1322,511,1248,952,1371,1540,1024,1121,1353,819,1204,749,1092,1463,1433,143
845,1489,558,1540,1091,1576,1137,832,1082,1427,1249,980,1264,918,1238,1122,540
1528,1276,951,1027,854,1012,1392,1166,1084,1425,1005,825,1148,971,1291,1477,390
1118,1191,763,961,998,1571,1013,1549,967,1406,1390,1151,917,1016,1267,1166,485
1015,1161,650,1096,1091,1293,1522,1303,1052,1236,992,874,1059,1011,1292,1716,361
1114,1498,410,1057,972,691,1716,1599,1010,1322,942,945,991,1015,1144,1714,297
1683,1592,1098,1207,933,766,828,857,998,1364,1019,997,1071,969,1156,1674,991
656,1716,776,1163,872,1671,1390,890,1027,1379,1306,993,1343,998,1142,1092,472
728,1009,560,1341,1189,1642,1500,922,1029,1426,1150,1073,920,1078,1275,1329,143
1526,1170,1024,1089,971,914,1298,1193,964,1446,1220,936,1222,854,1044,1585,390
974,866,772,983,922,1658,1220,1584,1075,1385,1416,1048,979,942,1236,1199,485
969,1616,719,1110,992,1021,1325,1495,1031,1315,919,956,1110,921,1228,1654,297
1009,1214,654,1582,1202,1648,1054,684,1040,1510,1005,1019,1223,1028,1365,1090,540
848,1453,866,974,1162,1063,1483,1318,1020,1360,950,1018,1008,931,1413,1551,361
1735,1690,1102,1034,939,626,1093,623,1003,1404,1124,995,974,983,1221,1539,991
964,1539,713,1195,823,1656,1195,1002,1178,1434,1182,1021,1134,1030,1270,1031,472
1267,1325,586,1172,1080,1659,1444,740,1138,1316,1160,1029,1047,1012,1304,1274,143
1007,1374,594,998,1032,1451,1147,1562,1048,1490,1352,1116,908,929,1271,1166,485
1564,1205,1032,991,1189,1005,1112,1027,1086,1514,1146,1023,954,987,1265,1305,390
1016,979,606,1076,935,996,1744,1618,1128,1371,848,912,925,1003,1345,1649,297
1167,1155,779,1082,990,891,1617,1417,1039,1241,802,1028,1005,972,1346,1744,361
783,1073,597,1512,1343,1743,1410,712,1112,1510,906,1074,1117,988,1370,1201,540
1705,1670,923,1027,1007,726,1135,803,983,1513,845,1063,970,913,1265,1695,991
1182,1643,669,1142,1056,1584,1116,740,1002,1449,1342,1147,1145,1032,1173,990,472
1210,964,900,994,982,1325,1195,1710,1128,1358,1322,1020,945,931,1247,1329,485
1659,1375,810,933,887,1115,1353,945,1079,1475,1037,960,1017,1032,1229,1451,390
1721,1479,1002,1193,940,946,963,757,949,1585,851,1217,927,1005,1175,1512,991
911,1627,838,1225,1040,1543,1063,955,1168,1466,1200,1060,1105,1007,1318,956,472
781,1282,801,1139,1262,1284,1328,1391,1138,1393,928,931,1112,1003,1204,1520,361
734,1067,678,1441,1209,1744,1376,677,1190,1432,1054,1002,1267,926,1288,1121,540
1296,1263,423,1246,934,1603,1413,793,1104,1320,983,1243,808,1107,1384,1331,143
1180,1420,600,1053,934,1187,1377,1388,1045,1344,956,1029,1014,984,1175,1689,297
1427,1211,725,1014,898,1242,1063,1606,989,1388,1336,1209,878,1021,1421,1038,485
1034,1396,672,1679,1331,1545,915,673,1075,1399,1060,1096,1279,906,1321,1144,540
1726,1621,1213,1083,1056,636,916,760,984,1428,964,1180,996,974,1129,1541,991
1651,1308,923,1096,1040,1145,1075,994,1064,1490,1211,916,1124,874,1156,1445,390
843,1411,727,1361,867,1680,1409,771,1165,1469,1093,1009,1201,1110,1188,1015,472
1118,1437,689,1244,955,882,1424,1488,1082,1323,955,1000,962,1019,1305,1599,297
710,1420,788,1252,1501,1051,1269,1183,1029,1286,953,980,1141,1019,1370,1502,361
