l5e1,l5e2,l5e3,l5e4,l5e5,l5e6,l5e7,l5e8,l7e1,l7e2,l7e3,l7e4,l7e5,l7e6,l7e7,l7e8,maj_class
1151,1269,569,1143,1225,769,1614,1394,1018,1417,1043,981,949,924,1287,1656,297
964,1170,610,1256,1084,1744,1158,835,1237,1366,983,938,1176,1011,1360,1209,148
1288,1354,816,1292,1251,1273,1343,642,1063,1416,1000,971,1076,845,1464,1445,307
1026,1436,933,1144,1207,1562,1154,646,1085,1528,1302,908,1267,896,1160,1134,472
1104,1145,1253,1043,1246,1417,1143,929,1034,1352,1326,973,1337,977,1231,1050,879
1200,726,1269,873,1478,1029,1485,1174,1048,1283,1115,928,1233,902,1242,1529,333
1744,1184,1171,1074,1058,830,1216,733,1165,1251,1205,995,1217,839,1242,1366,28
1129,1015,789,924,1247,1449,1342,1365,1090,1495,1367,1096,907,898,1358,1069,485
887,1309,599,1546,1349,1704,1034,645,1087,1470,1184,986,1307,878,1272,1096,540
1744,1457,1298,1028,1134,627,917,592,1021,1412,864,1080,1002,1007,1205,1643,991
949,1688,698,1280,1211,1072,1357,782,1088,1555,959,957,996,849,1498,1372,351
1385,1267,603,1237,1226,1420,1427,662,1109,1449,1055,1033,859,1044,1309,1411,143
836,1722,1135,1529,1305,975,1046,600,946,1303,1596,749,1556,867,960,1175,645
1087,1262,645,1083,1311,1216,1430,1159,1015,1307,1058,932,1127,925,1270,1621,361
1541,895,775,1251,1305,1403,1383,727,1079,1478,1451,1009,1102,929,1318,867,783
1643,1276,1200,931,1051,896,1107,925,1058,1457,1195,835,1190,930,1123,1492,390
715,911,646,1260,1016,1744,1148,1081,1243,1326,1019,1031,1268,882,1382,1129,148
705,471,1154,882,1671,1288,1567,1375,1041,1360,1071,950,1312,789,1256,1456,333
1028,1155,591,1185,989,1235,1503,1559,1117,1354,1005,938,979,897,1355,1616,297
713,1656,931,1306,1051,1624,1183,782,1209,1406,1306,999,1268,944,1189,959,472
818,1081,1478,1346,1060,1462,1053,885,1195,1221,1477,829,1527,765,1171,1044,879
1489,1455,797,1315,1008,1210,1042,875,1035,1338,1152,984,1130,892,1353,1371,307
691,1398,598,1339,1445,1283,1396,1079,1144,1645,911,1078,853,862,1517,1240,351
1632,1332,865,1319,935,865,1039,923,1033,1544,932,1021,898,925,1253,1588,991
1077,1298,700,1237,1155,1636,1203,890,1062,1418,1007,1211,906,1068,1350,1258,143
931,1084,639,1185,1073,1684,1273,1019,1279,1325,1024,1016,1211,1054,1362,1009,148
1711,1518,1030,1187,997,773,1027,850,1157,1359,1193,1115,1014,853,1162,1427,28
1259,992,840,1012,944,1515,1269,1392,1135,1403,1468,1043,919,882,1315,1113,485
484,1550,1056,1581,1310,1266,1166,773,1028,1339,1341,915,1324,989,1129,1215,645
795,1347,720,1213,1387,1045,1478,1250,1039,1327,937,980,1104,974,1372,1547,361
1264,919,614,1478,1180,1435,1324,1024,1150,1482,1494,951,1175,880,1250,898,783
776,1089,749,1619,1302,1744,1028,710,1049,1351,1222,931,1532,898,1300,997,540
1618,1353,1152,952,989,934,1086,1159,1056,1474,1147,969,1205,919,1203,1307,390
895,840,1287,795,1371,1092,1528,1359,1123,1329,918,1013,1152,899,1362,1484,333
817,1634,535,1225,1024,781,1532,1454,1082,1456,1019,912,968,883,1297,1632,297
786,1662,1164,1318,1045,1174,1140,957,1114,1346,1351,892,1286,948,1188,1155,879
784,1713,646,1366,891,1154,1463,1030,1196,1519,748,1103,937,886,1567,1272,351
894,1452,948,1103,1060,1568,1208,978,1148,1390,1180,966,1269,1009,1187,1131,472
1744,1484,1177,1188,1095,795,811,667,951,1414,1064,1108,1017,1008,1175,1543,991
1376,1254,736,1299,1025,1601,1106,863,1076,1395,856,1194,883,1119,1325,1432,143
773,982,659,991,1001,1676,1157,1652,1144,1506,1378,1090,874,936,1406,946,485
1261,1502,743,1365,1020,1217,1257,727,1128,1498,1223,846,1048,858,1340,1339,307
773,913,812,1221,1150,1744,1276,1135,1133,1434,1113,1006,1268,934,1264,1128,148
772,1493,695,1107,1202,1010,1627,1132,1013,1366,996,936,1093,999,1201,1602,361
1650,1299,854,1215,994,905,1245,1052,1219,1355,1094,1066,1093,886,1277,1290,28
573,1544,1093,1362,1274,1441,1159,807,1017,1516,1383,905,1412,938,1174,935,645
988,787,1286,903,1499,1103,1485,1202,1049,1414,1062,940,1370,773,1177,1495,333
734,1276,523,1506,1416,1643,1201,762,1076,1447,1053,1065,1343,948,1312,1036,540
1325,757,783,1289,1113,1655,1275,980,1187,1468,1572,950,1139,778,1319,862,783
845,1439,1145,1222,1051,1599,1038,909,1122,1243,1430,958,1306,954,1213,1050,879
778,1426,510,1093,1113,954,1719,1467,1136,1298,927,967,971,957,1331,1549,297
1672,1563,1014,795,946,838,1240,1028,1111,1377,1120,1001,1118,865,1279,1409,390
1105,1593,876,1253,945,1362,1263,819,1073,1412,1145,1006,972,904,1334,1434,307
787,1698,612,1264,1049,1031,1327,1078,1225,1468,944,870,958,929,1475,1395,351
1155,942,829,1084,965,1492,1141,1552,1133,1453,1438,1072,843,908,1413,1000,485
858,827,775,1245,1237,1744,1106,1088,1154,1271,919,1151,1254,975,1393,1163,148
1184,1044,616,1285,1201,1496,1397,953,1184,1349,884,1158,820,1163,1457,1252,143
683,1244,1046,1054,1309,956,1530,1400,1033,1310,909,904,1186,909,1274,1653,361
1739,1565,1095,1080,1017,558,1036,790,1093,1483,804,1163,831,964,1345,1597,991
668,1663,1073,1493,1078,1088,1017,727,992,1249,1604,841,1441,926,1066,1076,645
1653,1257,1206,1336,782,994,1076,884,1222,1154,1061,1047,1137,842,1245,1553,28
690,1709,769,1274,990,1484,1185,773,1162,1480,1166,1112,1271,999,1059,1031,472
1175,1073,1046,1386,1041,1348,1240,971,1067,1380,1460,995,1110,851,1289,1003,783
687,1263,655,1564,1324,1686,1076,636,1060,1486,1113,985,1381,895,1255,1105,540
973,1061,1195,869,1397,1105,1430,1226,996,1235,1219,941,1337,911,1235,1406,333
680,1126,556,1373,1134,1735,1196,983,1251,1381,945,916,1235,1001,1320,1231,148
812,1438,1119,1223,1134,1530,1107,891,1161,1379,1322,976,1167,939,1172,1164,879
1690,1376,1229,1040,963,811,1013,1009,1116,1229,1307,946,1277,993,1204,1208,390
636,1626,683,1360,1111,1208,1400,1150,1168,1446,842,1099,937,892,1604,1289,351
752,1592,654,1049,1171,885,1644,1324,1133,1468,1046,901,962,1037,1306,1421,361
785,1529,672,1322,1124,1449,1373,740,1180,1288,1020,1099,985,1033,1354,1321,143
881,1061,466,1030,1031,1681,1070,1669,1187,1292,1379,1049,915,988,1443,1027,485
1295,794,817,1359,1081,1577,1190,1119,1099,1332,1420,1071,1097,974,1362,925,783
860,1398,677,1037,1078,795,1703,1624,1122,1271,939,939,1043,934,1297,1635,297
1084,1590,869,1357,980,1096,1314,838,1091,1285,1159,1012,1071,918,1365,1379,307
544,1612,1160,1444,1298,1115,1039,924,935,1356,1565,887,1446,1025,934,1032,645
1669,1432,935,1173,908,929,1085,616,1010,1518,925,1140,916,965,1222,1583,991
1168,1097,1250,829,1087,1002,1510,1337,1103,1311,1305,900,1230,818,1178,1435,333
1645,1523,922,1214,861,905,1207,866,1219,1206,1077,1050,1135,835,1204,1554,28
983,1236,871,1183,832,1744,1257,897,1168,1402,1110,956,1237,980,1306,1121,472
912,868,672,1264,1152,1744,1139,1039,1224,1338,1039,1018,1253,966,1398,1044,148
1061,1285,639,1033,1209,1323,1415,1242,1118,1374,965,1092,993,947,1361,1405,361
1019,1235,1074,1257,1271,1336,1142,946,1073,1335,1407,1016,1353,906,1158,1032,879
1047,1318,570,1347,1068,1655,1420,678,1155,1495,978,1126,840,1039,1296,1351,143
1741,1504,876,993,978,961,1102,985,1156,1443,1217,1006,1065,996,1184,1213,390
706,1068,538,1555,1462,1656,1313,792,1020,1582,1040,1086,1307,979,1287,979,540
741,1721,614,1264,1165,1354,1229,958,1185,1523,932,1067,867,877,1535,1294,351
1365,887,778,1416,967,1532,1343,992,1037,1581,1572,1040,1021,823,1140,1019,783
1008,1417,777,1087,940,675,1638,1352,1113,1373,1204,911,1101,925,1165,1436,297
898,763,1473,858,1542,875,1474,1393,972,1370,1187,940,1330,919,1143,1419,333
718,1695,1243,1577,1146,1088,1069,640,935,1278,1686,818,1623,916,983,921,645
1284,1528,920,1395,876,1128,1331,659,1096,1274,1173,1011,1162,953,1287,1324,307
1703,1112,935,1272,889,850,1060,974,1289,1188,996,1113,1049,923,1233,1446,28
1698,1600,1256,1272,930,611,966,624,997,1473,1025,1023,1024,916,1152,1607,991
1032,1125,945,992,899,1609,1104,1519,1075,1341,1607,1038,966,968,1292,947,485
683,1444,1116,1365,1141,1426,1006,965,1115,1360,1330,904,1359,954,1160,1098,879
953,1407,781,1122,1105,1261,1279,1272,1085,1370,963,1012,1005,1008,1324,1513,361
1565,1557,966,1107,855,1112,1172,764,1096,1335,1266,956,1115,966,1149,1397,390
835,1384,555,1573,1274,1693,1083,669,1086,1340,1173,925,1381,955,1313,1107,540
928,1400,1013,1237,941,1581,1104,947,1043,1460,1377,1021,1373,934,1111,961,472
1140,1580,655,1395,1013,1602,1157,720,1038,1384,1002,1059,923,1139,1372,1363,143
613,953,591,1373,1134,1637,1273,1091,1185,1334,1104,1036,1253,959,1332,1077,148
1557,1536,646,1383,939,762,1353,963,1276,1274,1038,988,1041,954,1259,1450,28
1435,1337,689,1351,1030,979,1426,846,1102,1405,1049,1000,1000,944,1384,1396,307
771,1576,802,1364,1209,1039,1235,1110,1246,1495,878,1053,861,932,1529,1254,351
1744,1339,1292,1068,1121,554,959,710,1029,1395,910,1099,940,987,1274,1637,991
1352,698,784,1495,1135,1263,1267,1189,1122,1414,1401,1165,1015,935,1378,844,783
874,1477,676,1031,1034,759,1568,1412,1087,1386,996,976,866,1033,1304,1484,297
1280,990,838,936,1021,1497,1287,1429,1137,1538,1465,1033,883,902,1355,967,485
1229,1177,501,1189,1032,1639,1531,807,1189,1465,852,1143,790,1025,1406,1410,143
979,1344,1050,1474,999,1390,982,983,1151,1258,1317,907,1350,911,1171,1215,879
719,1744,844,1702,1041,830,1166,689,972,1478,1548,879,1352,1045,1030,969,645
880,1681,902,1106,1161,1584,1070,714,1053,1429,1229,1026,1172,1088,1172,1111,472
1084,983,656,1089,1055,1367,1566,1417,1143,1256,901,996,921,1031,1432,1580,361
1249,980,1295,823,1397,784,1442,1307,1056,1235,1171,1017,1234,977,1137,1424,333
1644,1247,1346,1021,885,863,1183,904,1055,1346,1259,978,1204,962,1152,1324,390
1544,1400,1228,1306,886,803,1045,953,1178,1222,1286,962,1240,841,1173,1378,28
834,1738,738,1254,1013,1173,1362,1085,1099,1557,893,1001,859,957,1516,1398,351
744,1023,767,1588,1401,1744,1135,630,1064,1460,1091,1048,1325,876,1208,1208,540
1260,1601,704,1369,1217,878,1216,695,1083,1377,1163,960,1153,928,1245,1371,307
1135,1457,610,989,918,1517,1169,1463,1097,1429,1411,1189,838,960,1343,992,485
947,833,624,1394,1001,1722,1292,1134,1180,1273,1032,1002,1333,964,1391,1105,148
1744,1434,1260,1026,1073,532,1194,668,1034,1373,955,1125,961,975,1225,1547,991
1020,1530,440,1101,1112,681,1668,1424,1116,1409,1078,1106,847,960,1254,1510,297
1153,685,582,1348,1258,1402,1529,1119,1089,1394,1502,1010,1088,802,1256,1038,783
829,1505,769,1347,1017,1530,1186,941,1108,1448,1276,986,1237,1008,1149,1068,472
735,1392,1016,1254,1070,1594,1116,965,1088,1219,1465,1026,1374,868,1171,1069,879
1053,619,1379,721,1227,1233,1605,1371,1148,1315,1249,1005,1256,819,1286,1202,333
1494,1460,1132,1114,949,809,1279,980,1044,1458,1249,1017,1026,938,1181,1367,390
870,1651,574,1110,1316,885,1495,1210,1026,1413,1185,952,1099,824,1248,1533,361
1548,1379,1076,1264,879,648,1147,1080,1228,1302,1021,1026,1031,796,1255,1621,28
719,1619,1346,1471,1268,881,1118,687,936,1246,1529,852,1539,1061,997,1114,645
1001,1179,615,1212,1240,1518,1391,985,1076,1472,1046,1017,850,1043,1295,1481,143
933,1670,665,1444,1303,1123,1148,802,1106,1611,992,1072,929,886,1376,1308,351
1314,1635,746,1392,1103,951,1192,744,997,1310,1138,986,1246,933,1221,1449,307
1123,987,859,873,1105,1283,1298,1616,1111,1334,1425,1047,979,968,1292,1124,485
936,1088,605,1274,1202,1657,1216,954,1191,1310,928,1050,1220,996,1403,1182,148
1726,1225,1105,1225,1033,937,1125,814,1209,1299,1165,1041,1138,876,1312,1240,28
1741,1560,1202,1088,929,541,971,763,987,1437,808,1146,891,1051,1207,1702,991
920,1428,655,1103,980,974,1681,1432,1118,1361,975,947,1006,992,1257,1534,297
796,1516,1053,1069,1007,1569,1204,841,1138,1355,1264,1008,1337,994,1073,1111,472
1286,871,897,1239,1057,1485,1346,1051,1166,1285,1527,1078,1071,992,1291,870,783
929,1249,1310,1154,1322,1134,985,1093,1050,1239,1439,925,1422,880,1166,1159,879
738,1609,744,1164,1293,814,1613,1204,1107,1453,1171,881,1154,925,1298,1291,361
655,1744,1004,1467,1217,909,1323,653,1031,1349,1580,917,1301,1113,1038,900,645
562,1559,720,1526,1448,1574,1031,646,1029,1554,1186,1120,1217,912,1207,1018,540
1072,917,1430,981,1249,1175,1354,1102,1039,1367,1139,988,1266,898,1158,1408,333
1526,1216,1039,1042,1176,1054,1199,970,1018,1427,1417,933,1292,831,1177,1185,390
1215,1390,581,1267,966,1561,1308,912,1018,1413,1026,1179,843,1082,1348,1371,143
1223,1585,608,1199,1133,1109,1553,676,1070,1431,1220,1056,971,874,1316,1342,307
1549,1142,1224,1337,986,937,1162,901,1240,1215,1236,1040,1126,815,1254,1354,28
867,1744,470,1215,1160,1152,1391,822,1097,1563,847,1077,825,881,1562,1417,351
800,1109,691,1030,915,1645,1369,1669,1063,1447,1364,1095,850,1030,1348,1083,485
1109,1312,593,1163,1210,786,1608,1434,1093,1289,1019,977,998,921,1187,1649,297
1057,938,875,1412,1302,1234,1442,1012,1083,1406,1642,1016,1183,870,1204,849,783
628,1570,1383,1232,1082,1356,1181,848,1012,1339,1488,891,1487,854,1054,1072,879
818,1585,1434,1326,1150,880,1194,764,1023,1375,1482,931,1437,875,1026,1109,645
952,1530,702,1128,1190,820,1614,1279,1146,1401,885,888,1058,971,1278,1567,361
555,927,464,1264,1085,1675,1536,993,1308,1442,879,1121,1015,1149,1432,924,148
943,1375,1053,1346,910,1673,1019,857,1127,1384,1146,1015,1161,1071,1256,1120,472
1744,1467,1186,1256,998,546,882,721,1037,1385,979,1117,963,969,1214,1613,991
993,755,1337,883,1125,1179,1569,1365,1025,1100,1318,891,1537,895,1152,1312,333
809,1020,803,1544,1354,1709,1135,722,1103,1537,1063,964,1364,869,1313,1067,540
1684,1361,1176,1070,846,838,1036,1137,1057,1338,1301,872,1228,902,1111,1448,390
914,1432,625,1210,1258,1456,1565,762,1045,1337,939,1042,973,1000,1502,1442,307
996,1109,457,1258,1349,1484,1567,930,1111,1434,853,1050,814,1077,1447,1494,143
967,1156,934,1111,964,1369,1190,1510,1142,1513,1418,1060,878,990,1267,1010,485
1569,1360,1080,1306,823,724,1329,996,1269,1224,1062,1029,1028,881,1338,1449,28
866,1547,744,1295,1230,1243,1205,1060,1140,1616,1013,942,898,829,1459,1318,351
1505,792,786,1313,1213,1118,1274,1258,1081,1527,1556,1112,959,892,1241,912,783
1204,1125,668,1116,1129,829,1492,1537,1150,1414,886,981,749,992,1334,1691,297
1003,1461,1253,1018,1006,1461,1031,1046,1102,1300,1397,881,1385,958,1132,1125,879
750,1002,615,1303,1187,1744,1136,1016,1194,1343,917,1000,1253,1058,1353,1162,148
758,1724,1305,1476,1078,941,1146,816,971,1260,1572,757,1535,898,1088,1188,645
1052,1376,994,1075,1136,1025,1440,1182,1040,1200,1118,920,1191,919,1358,1484,361
983,870,667,1076,954,1475,1375,1642,1047,1371,1354,1091,980,1050,1368,1007,485
1525,1520,595,1401,766,1087,1312,764,1151,1236,1042,1068,953,1004,1367,1459,307
881,737,1296,939,1321,1083,1546,1200,1164,1404,1097,990,1288,740,1296,1301,333
1158,1165,595,1346,998,1502,1498,987,1066,1311,1049,1137,938,1133,1305,1341,143
735,1211,665,1507,1405,1635,1189,629,1033,1543,1084,1063,1308,946,1365,938,540
757,1407,920,1351,1033,1635,1105,905,1154,1456,1292,933,1320,922,1279,843,472
1726,1537,1209,1223,944,553,1042,707,1070,1528,973,1146,930,858,1230,1542,991
1708,1131,958,1168,1036,805,1210,1083,1135,1254,1226,1003,1120,914,1170,1458,28
1657,1395,1074,1120,907,782,1092,1059,1167,1348,1214,949,1089,958,1204,1351,390
814,1608,1205,1406,1228,967,1259,714,1039,1368,1426,962,1308,995,1167,1015,645
900,1420,867,1115,1102,1101,1516,1259,1051,1276,1026,1054,1095,1061,1333,1384,361
957,1261,581,969,985,1153,1610,1477,1146,1330,936,1003,896,962,1230,1658,297
708,1022,430,1333,1093,1744,1384,1039,1236,1399,794,1188,1047,1190,1421,1005,148
790,1744,536,1520,1084,1126,1351,933,1159,1576,739,1172,756,1017,1513,1324,351
790,1390,1140,1093,1178,1333,1224,1070,1060,1395,1238,1124,1225,926,1239,1073,879
1202,1096,762,962,999,1454,1143,1496,1052,1392,1519,1121,917,954,1268,1057,485
1198,897,668,1493,1273,1219,1624,873,1034,1651,1453,913,1171,730,1280,998,783
1744,1591,1073,1072,1230,453,1041,600,1015,1568,1059,1115,871,917,1140,1527,991
1192,1407,607,1247,1212,1227,1433,821,1168,1299,1200,1079,925,1076,1351,1182,143
785,1384,658,1557,1259,1601,1102,729,1151,1457,1288,1011,1357,819,1234,963,540
952,1522,1019,1109,934,1462,1216,926,1099,1361,1306,991,1182,1046,1251,1044,472
1542,1507,786,1079,1017,1100,1116,915,1033,1479,1171,1140,1124,1042,1142,1149,390
766,1563,1390,1383,1125,702,1051,962,972,1241,1728,764,1494,907,992,1090,645
1160,594,1293,810,1366,903,1600,1442,981,1236,1249,1007,1374,915,1188,1330,333
1231,1483,859,1383,1069,1240,1158,839,992,1267,1298,969,1157,927,1330,1340,307
1694,1339,999,1203,1005,868,1208,883,1209,1266,1099,1094,1039,917,1317,1339,28
839,1660,528,1333,1350,952,1421,744,1187,1658,981,923,846,869,1474,1333,351
778,1088,601,1015,1270,1225,1744,1423,1014,1304,947,870,1141,967,1206,1710,361
975,1118,527,1061,1161,945,1744,1480,1091,1353,1035,788,1119,950,1236,1661,297
1394,824,795,1371,1284,1244,1300,945,1044,1401,1646,930,1280,782,1094,1003,783
957,1126,1096,1346,1304,1323,1315,813,1082,1405,1474,821,1407,811,1165,1087,879
1208,1153,428,1353,1170,1675,1264,869,1057,1278,1186,1103,976,1011,1450,1219,143
1744,1541,897,1220,1190,615,1054,656,1016,1464,1069,1023,1002,919,1244,1543,991
630,1131,731,1573,1372,1610,1257,719,1076,1548,947,944,1330,913,1267,1255,540
898,972,596,1213,1220,1721,1359,874,1208,1418,987,933,1254,1005,1326,1142,148
1102,1001,649,1084,1030,1578,1392,1367,1093,1481,1513,1016,925,928,1228,1096,485
642,1622,1232,1473,1329,927,1112,790,897,1352,1584,874,1500,920,970,1075,645
1529,1459,709,1406,1071,844,1188,916,1179,1260,1166,1056,1168,820,1232,1399,28
763,1062,614,1049,1317,906,1739,1449,1172,1437,937,865,1025,824,1351,1605,297
920,909,1403,903,1371,1060,1411,1303,1028,1365,1111,1034,1198,906,1208,1430,333
1104,1029,904,1509,1180,1375,1251,928,1094,1285,1080,939,1176,884,1371,1414,307
623,1500,571,1377,1281,1179,1426,1158,1079,1484,828,1057,994,906,1572,1347,351
733,1481,663,1036,1408,1000,1608,1304,1074,1315,1081,1002,1126,869,1367,1446,361
674,1592,848,1179,1159,1650,1299,563,1067,1445,1326,975,1316,922,1222,994,472
1405,592,729,1280,1253,1292,1604,972,1002,1458,1482,1123,1117,854,1356,836,783
1576,1315,1192,1035,954,839,1133,956,1078,1397,1162,962,1187,894,1180,1393,390
752,1297,1129,1234,1184,1456,1094,955,1113,1359,1258,915,1265,969,1222,1179,879
842,1284,490,1338,1102,1628,1613,794,1170,1378,914,1131,827,1064,1363,1433,143
604,997,714,1290,1162,1744,1251,1113,1212,1307,1062,873,1291,974,1350,1211,148
1636,1482,1065,1047,1071,644,1114,808,1052,1534,884,1031,961,954,1190,1613,991
1086,910,1271,890,1380,1046,1497,1152,1187,1287,1064,959,1166,923,1426,1268,333
762,1206,593,1676,1322,1658,1201,732,1106,1434,1150,921,1444,814,1198,1213,540
1105,1325,747,983,972,1395,1106,1574,1068,1319,1540,991,996,920,1263,1183,485
1090,956,494,1083,1369,867,1670,1471,1138,1225,1066,809,1060,881,1251,1709,297
1580,1392,851,1180,1142,806,1251,800,1213,1233,1196,1050,1127,954,1205,1302,28
834,1487,774,1345,889,1545,1276,812,1063,1376,1337,997,1202,1080,1258,967,472
668,1721,1204,1591,1224,908,998,859,939,1387,1513,811,1440,911,1107,1122,645
669,1744,566,1322,1146,1355,1262,882,1221,1455,852,1039,946,828,1608,1331,351
1178,1419,677,1422,1082,1230,1219,819,1098,1285,1112,969,1153,873,1357,1433,307
841,1059,723,1418,1145,1635,1474,928,1062,1426,913,1170,902,1118,1438,1251,143
891,1452,826,955,1454,862,1534,1292,1059,1349,1076,1030,1041,852,1315,1558,361
1640,1639,1227,1115,1054,449,1087,583,992,1439,997,1201,933,1045,1137,1536,991
644,1330,1109,1180,1244,1678,1180,711,1147,1477,1377,901,1380,931,1226,841,879
1684,1490,647,1100,982,683,1237,1231,1081,1398,1166,931,1050,939,1318,1322,390
1426,1056,686,1344,1062,1293,1338,998,991,1396,1592,1084,1120,913,1243,847,783
743,551,1491,868,1523,979,1463,1610,1050,1317,1200,998,1332,823,1185,1375,333
521,1282,586,1674,1317,1509,1211,822,1079,1524,1061,1090,1383,893,1246,1004,540
1246,1487,515,1154,950,1086,1483,1277,1064,1376,1128,1023,1032,928,1283,1420,297
972,1057,615,1038,1118,1467,1350,1581,1107,1451,1388,1088,820,1009,1453,964,485
979,1270,655,1167,1121,1615,1338,1024,1220,1481,1071,984,1090,996,1355,1083,148
1558,1147,1073,1297,1195,885,1171,889,1158,1267,1171,1088,1102,778,1249,1467,28
999,1567,888,1336,1124,1096,1198,930,1084,1592,824,994,1037,870,1439,1440,351
503,1504,1196,1568,1267,1204,1125,742,997,1484,1554,876,1448,928,979,966,645
874,1452,901,1221,1163,1624,1138,686,1132,1438,1265,1004,1226,1073,1172,970,472
1372,1262,751,1339,1157,1277,1354,768,1143,1262,1066,966,1033,886,1393,1531,307
866,1181,1231,1231,1192,1525,1013,965,1088,1273,1439,965,1335,1022,1246,905,879
987,1210,632,1103,1438,1474,1456,916,1092,1475,721,1259,803,1101,1544,1285,143
1744,1384,1017,1129,1089,684,978,758,1024,1517,1000,1123,899,951,1139,1627,991
1186,663,756,1328,1262,1537,1395,1102,981,1407,1598,985,1249,871,1190,956,783
827,1536,536,1199,1064,1391,1490,1231,1045,1302,1007,979,1106,950,1275,1548,361
714,1519,614,1623,1254,1733,1035,609,996,1418,1093,1119,1362,991,1247,1054,540
918,877,1381,749,1401,981,1555,1249,1075,1288,1308,891,1396,921,1073,1328,333
1694,1504,906,1339,853,732,1147,932,1181,1300,1137,1101,1024,873,1276,1388,28
1125,866,613,1016,933,1637,1218,1646,1055,1479,1409,1202,753,1016,1341,1025,485
1744,1257,924,1123,904,1012,1292,915,1088,1494,1243,958,1053,872,1195,1377,390
1027,979,731,1307,1056,1592,1178,1050,1158,1438,1113,992,1171,950,1361,1097,148
858,1153,515,1016,1225,1141,1661,1611,1077,1454,977,1086,863,1002,1230,1591,297
794,1731,631,1337,1185,904,1410,847,1206,1548,1032,1031,910,879,1530,1144,351
1054,1131,690,1299,1213,1532,1441,895,1028,1384,1240,1042,919,1012,1267,1387,143
682,1256,1301,1275,1239,1248,1205,1074,1144,1354,1332,959,1429,917,1142,1003,879
1289,1594,884,1318,993,1052,1273,843,1011,1225,1160,907,1275,937,1233,1532,307
1448,765,913,1351,1143,1288,1274,1019,1132,1599,1456,904,1133,793,1225,1012,783
854,1242,719,1560,1221,1525,1028,845,1109,1333,1065,1007,1326,911,1299,1230,540
980,1610,1325,1475,1233,823,1029,762,922,1328,1544,858,1465,990,1036,1084,645
880,1508,657,1421,965,1496,1109,876,1134,1251,1228,1035,1251,1054,1234,1093,472
798,1346,758,1038,1361,934,1669,1302,1076,1339,940,983,1089,893,1248,1652,361
696,758,712,1254,1121,1744,1369,946,1254,1335,904,1005,1252,984,1373,1173,148
1304,685,1274,845,1371,910,1496,1349,1121,1142,1187,892,1400,825,1218,1495,333
1714,1458,1039,1120,968,780,1043,587,1042,1384,841,1022,1000,989,1178,1721,991
1115,991,817,895,1090,1459,1281,1482,1090,1384,1291,1191,868,1002,1464,990,485
1725,1403,1116,1148,768,746,1134,909,1265,1155,1108,1085,1064,819,1304,1480,28
828,1182,445,1302,1240,981,1610,1578,998,1313,1117,946,1142,952,1192,1556,297
736,1433,825,1221,1141,1673,1221,908,1135,1395,1227,1018,1381,1005,1143,976,472
679,1670,575,1538,936,1366,1274,897,1161,1475,936,959,1011,984,1509,1245,351
1720,1127,1059,900,1165,870,1267,1074,1125,1381,1078,918,1205,991,1200,1380,390
966,1288,612,1260,1226,1634,1361,778,1109,1387,973,1216,821,1115,1331,1328,143
1009,1740,814,1460,874,1153,1180,754,957,1340,1219,846,1272,980,1105,1510,307
1364,754,538,1442,1041,1469,1554,1001,1045,1376,1475,1019,1147,835,1251,1132,783
1012,1163,1086,1338,1158,1331,1044,1148,1099,1318,1400,981,1343,917,1077,1145,879
832,1246,545,1599,1347,1652,1002,975,1086,1357,1176,975,1388,939,1255,1104,540
956,768,1370,836,1255,1173,1581,1220,1072,1363,1228,978,1211,885,1321,1222,333
852,1265,543,1302,1100,1744,1099,906,1258,1361,1016,1015,1195,1003,1400,1032,148
569,1508,1029,1530,1371,1101,1080,950,968,1320,1532,916,1333,1068,1202,941,645
1609,899,856,1078,1251,773,1259,1293,1158,1273,950,1001,1166,872,1272,1584,28
907,1284,725,1116,1244,1075,1516,1293,1210,1281,1031,924,1068,989,1344,1433,361
1047,1147,471,984,847,1744,1261,1490,1112,1540,1221,1096,873,1086,1406,946,485
852,1564,991,1296,875,1542,1159,920,1187,1395,1290,908,1313,986,1187,1014,472
1573,1140,792,1311,839,1253,1258,1060,1041,1432,1109,894,1181,855,1240,1528,307
959,1441,560,1050,976,895,1664,1568,1099,1463,1045,910,1083,954,1151,1542,297
1624,1352,969,998,1057,890,1251,961,1061,1489,1223,914,1236,906,1125,1322,390
562,1672,1203,1579,1122,1214,1053,718,979,1227,1557,856,1536,1005,998,1046,645
1623,1489,1099,1022,1101,516,1071,918,1002,1495,984,1083,911,996,1270,1499,991
854,1573,835,1637,1040,1143,983,1025,1147,1492,1074,1004,1038,937,1397,1191,351
1316,1270,622,1250,948,1408,1362,1033,1091,1451,953,1022,935,973,1292,1538,143
1063,1163,731,1127,845,1557,1115,1547,1128,1370,1476,1028,920,935,1396,1027,485
1173,737,572,1452,1357,1369,1554,1049,1011,1529,1449,969,1198,827,1289,967,783
972,1104,1130,1136,1039,1615,1144,1103,1036,1404,1356,873,1421,893,1160,1120,879
973,1423,667,1235,1225,1076,1506,1169,1048,1386,1052,931,1018,949,1374,1522,361
722,1390,546,1342,849,1715,1155,927,1218,1222,1001,1122,1245,1125,1319,1028,148
782,1334,605,1700,1087,1703,1100,638,1116,1301,1159,890,1435,961,1338,1080,540
1611,1272,1021,1318,849,1144,982,927,1294,1209,1283,1033,1110,782,1206,1363,28
1218,1451,409,1226,1002,737,1634,1318,1133,1426,983,941,868,965,1308,1626,297
880,771,1209,1050,1306,1373,1302,1376,962,1352,1158,1002,1348,869,1224,1365,333
1337,1716,555,1340,1006,994,1388,830,1098,1469,978,1038,1012,1024,1272,1367,307
575,1744,1102,1457,1120,1051,1338,729,983,1408,1482,905,1279,1071,1118,1027,645
967,1362,846,1461,829,1697,1007,973,1104,1336,1363,963,1303,953,1178,1054,879
844,1567,670,1416,1071,1137,1218,1130,1147,1473,945,1138,907,918,1499,1253,351
1651,1408,944,1118,795,1135,1212,955,1028,1456,1206,909,1132,961,1170,1418,390
882,1403,986,1297,1059,1517,1083,935,1063,1382,1268,896,1395,917,1156,1203,472
1637,1503,1026,1147,892,664,885,877,969,1309,989,1219,916,977,1228,1632,991
993,1046,716,1045,1024,1610,1150,1590,1049,1490,1340,1083,946,963,1278,1131,485
1440,777,675,1356,1026,1511,1359,1101,1049,1536,1454,1053,1023,909,1279,971,783
1331,1280,527,1276,833,1559,1374,873,1190,1397,1025,1072,840,1004,1413,1339,143
930,963,623,1221,1055,1744,1271,848,1214,1395,886,1119,1214,935,1350,1133,148
1001,1638,738,1110,1018,1075,1517,1089,1063,1355,990,1106,1123,892,1350,1401,361
551,1400,481,1536,1245,1734,1296,705,1133,1420,1000,956,1296,985,1452,1038,540
868,1354,797,1168,1006,830,1716,1457,1085,1391,1082,875,1051,1028,1204,1557,297
1505,1272,737,1317,975,1070,1173,894,1307,1202,871,1141,929,974,1507,1349,28
549,1536,1282,1453,1080,1090,1175,946,951,1373,1553,907,1377,979,1008,1122,645
1287,976,1386,862,1119,757,1628,1197,1022,1182,1265,871,1427,929,1189,1395,333
1197,1146,544,1106,1070,1178,1342,1621,1083,1397,1477,1111,988,849,1448,927,485
1386,1737,574,1267,831,1063,1291,588,1121,1284,1085,1007,987,846,1255,1654,307
670,1183,1078,1294,1098,1521,1260,1176,1125,1395,1414,920,1312,886,1217,955,879
991,1445,702,1324,970,1553,1295,966,1041,1391,1403,915,1378,959,1227,966,472
1584,1107,969,1179,1002,1090,1235,1101,1002,1370,1139,1008,1221,1010,1288,1242,390
1119,1456,521,1426,1089,1392,1286,903,1096,1430,998,1071,855,1115,1368,1347,143
1387,786,737,1441,1016,1350,1432,1131,1039,1360,1631,1156,1171,912,1278,718,783
751,1551,682,1412,1233,1160,1203,1116,1124,1555,948,969,1032,916,1414,1322,351
759,1123,655,1490,981,1725,1150,1114,1165,1382,1013,1012,1294,941,1279,1194,148
1622,1249,1154,1212,995,701,1309,892,1209,1124,1094,1104,1198,772,1234,1545,28
930,1195,665,1073,1394,1062,1508,1373,994,1451,974,938,1105,986,1172,1625,361
667,1711,1214,1550,1106,959,1062,822,894,1369,1691,900,1472,946,966,976,645
1705,1486,1217,1152,939,415,962,768,988,1428,1056,1072,999,972,1210,1496,991
687,1300,520,1692,1431,1723,1042,717,1034,1477,1070,1046,1333,929,1267,1124,540
1040,923,908,892,1030,1576,1243,1624,1084,1325,1484,1008,1124,950,1262,1043,485
1033,964,1470,1114,1010,1587,1061,987,1126,1116,1530,857,1604,852,1078,1108,879
918,900,1412,933,1187,856,1660,1394,1021,1353,1314,1002,1232,883,1128,1347,333
1079,1307,807,1296,1073,1446,1331,853,1216,1401,923,1106,869,953,1450,1362,143
1199,1219,836,1262,1177,1149,1477,960,1042,1282,1106,942,1243,820,1206,1593,307
879,1389,985,1297,889,1701,1172,763,1144,1341,1388,970,1392,909,1164,955,472
1709,1319,1212,1051,828,1011,981,867,1043,1270,1414,968,1270,945,1181,1189,390
935,1171,568,1070,1188,993,1744,1551,1131,1344,915,975,981,929,1396,1609,297
1224,852,873,1240,1135,1498,1255,1090,1141,1483,1525,1008,1017,911,1310,879,783
1048,1170,639,1450,1301,1594,1266,643,1135,1530,962,993,1328,907,1372,1053,540
686,1635,1067,1569,1148,945,1116,732,993,1420,1529,887,1296,931,963,1101,645
1057,1290,520,1289,988,1744,1194,740,1096,1301,1204,1029,1353,1098,1141,1058,148
809,1233,653,1006,1295,955,1668,1490,1032,1420,1097,950,1077,903,1361,1440,361
1564,938,1274,1303,997,1062,1056,984,1210,1102,1015,1004,1241,844,1327,1537,28
893,1602,728,1401,1156,1202,1138,954,1216,1341,1024,1004,1135,858,1352,1350,351
957,971,673,1268,1084,1521,1240,1512,1095,1539,1429,1039,989,909,1283,997,485
933,820,1380,838,1404,1008,1451,1429,1064,1279,1138,943,1341,810,1216,1467,333
752,1200,1018,1381,1319,1441,1202,962,1032,1311,1333,1002,1409,879,1226,1088,879
1647,1419,1144,1072,1150,646,1102,738,1009,1578,1001,1119,914,985,1148,1526,991
1292,1115,594,1161,1030,1646,1357,1045,1179,1226,983,1046,900,1057,1423,1460,143
981,1511,782,1140,972,1744,1037,691,1208,1371,1146,1051,1237,1008,1191,1068,472
748,917,759,1392,949,1744,1174,1058,1300,1341,956,1031,1237,1026,1329,1060,148
1423,1113,1079,1185,919,1146,1304,973,1188,1345,1152,1000,1064,899,1226,1406,28
791,1356,658,1042,1111,1269,1620,1265,1083,1451,996,1033,1003,959,1229,1526,361
1394,1596,698,1247,1074,1158,1388,697,1043,1496,1017,1027,1023,878,1268,1472,307
659,1719,589,1277,1151,1356,1401,797,1186,1511,1028,988,985,873,1543,1166,351
1731,1467,1144,1024,956,884,980,971,1149,1236,1244,957,1298,920,1177,1299,390
872,1026,649,1346,1155,1423,1546,1046,1030,1484,1430,1022,1168,862,1262,953,783
1695,1575,1070,1190,1092,568,1027,786,963,1493,982,1050,993,1021,1127,1567,991
1099,1528,587,1159,861,988,1462,1484,1052,1351,1187,977,979,949,1278,1487,297
511,1674,1280,1596,1343,870,1160,626,952,1398,1634,788,1532,872,1019,1032,645
748,1405,794,1707,1170,1559,1059,678,1084,1418,1210,900,1517,839,1206,1106,540
834,707,1469,836,1361,1226,1391,1433,1022,1305,1245,921,1321,937,1198,1331,333
1008,1042,944,865,1069,1588,1067,1596,1141,1402,1330,1141,831,954,1354,1127,485
1429,997,626,1531,1140,1274,1278,1005,1008,1471,1475,1106,1214,887,1202,811,783
1099,1415,614,1207,1168,1571,1369,837,1087,1409,1002,1137,816,1091,1329,1409,143
921,1232,753,1354,1072,1692,1119,944,1201,1389,1140,1039,1159,925,1351,1076,148
814,1744,953,1352,805,1614,1044,741,1083,1321,1421,903,1448,887,1122,1095,472
1225,1219,829,1381,1224,1064,1397,941,1135,1359,1009,971,1130,856,1347,1443,307
1744,1306,1188,1263,941,671,1001,890,1173,1202,1220,1093,1174,811,1199,1408,28
834,1344,785,1484,1187,1529,1012,945,1085,1358,1462,854,1412,957,1110,978,879
1500,1601,1034,1174,1156,635,977,851,930,1603,980,1031,1064,825,1193,1600,991
798,1550,592,1361,1059,937,1410,906,1113,1630,1038,1031,882,849,1459,1278,351
716,1364,596,1014,1093,966,1677,1678,1028,1394,926,969,1066,856,1308,1579,297
1166,954,563,913,1019,1480,1378,1668,1083,1436,1419,1133,829,918,1274,1188,485
959,1294,645,1744,1118,1637,974,717,1069,1418,1087,1070,1388,923,1274,1021,540
1251,752,610,1381,1105,1450,1469,1130,1104,1542,1361,1036,967,960,1232,1030,783
1140,1334,665,1246,1246,1376,1389,800,1049,1383,1156,1040,959,1032,1198,1461,143
454,1665,1206,1423,1286,999,1142,1018,995,1398,1495,929,1351,913,1179,1016,645
1171,1483,683,1044,1308,940,1425,1111,1009,1187,1151,947,1124,946,1258,1635,361
1069,1409,808,1304,910,1709,1161,848,1112,1315,1365,1027,1263,1036,1218,944,472
1061,754,1183,911,1312,1170,1565,1324,1059,1349,1169,990,1343,858,1192,1320,333
1651,1460,1236,1183,1156,656,977,598,1015,1679,1033,1053,919,893,1173,1515,991
1657,1515,748,1104,881,1033,1229,922,1042,1532,1198,1034,1041,995,1214,1224,390
794,935,838,1259,1096,1649,1200,1106,1176,1326,980,1005,1277,944,1320,1252,148
839,1481,799,1383,1122,1053,1359,1168,1129,1551,891,991,965,855,1429,1460,351
818,1267,1011,1356,1143,1310,1143,1232,1035,1438,1352,1024,1274,903,1163,1091,879
1488,1204,598,1313,1299,1065,1437,842,1116,1421,962,930,996,858,1410,1587,307
978,997,700,1614,1256,1586,1220,710,1082,1488,1126,1007,1220,1052,1238,1067,540
874,1525,540,1469,1265,1498,1240,760,1145,1419,1092,1063,1018,1019,1369,1155,143
579,1744,1066,1612,1173,966,1133,701,940,1299,1576,844,1581,917,1084,1013,645
1281,1521,582,1079,1036,885,1566,1329,1095,1425,1213,973,945,894,1264,1471,297
848,1104,610,1077,1161,1669,1187,1529,1092,1428,1443,1136,855,942,1394,990,485
1692,1368,897,1259,950,819,1139,817,1154,1226,1234,1133,1009,824,1258,1442,28
842,1480,720,1108,1303,865,1567,1255,1077,1491,964,883,1069,986,1384,1394,361
898,1301,988,1394,928,1628,1268,867,1149,1434,1200,969,1314,1002,1210,1002,472
1019,1590,961,1231,984,896,1374,840,1006,1452,1266,897,1147,830,1125,1539,307
1346,1051,872,1472,1083,1357,1260,826,1050,1387,1558,1052,1186,898,1182,940,783
1208,863,1265,791,1220,1024,1657,1249,1042,1259,1253,985,1361,875,1210,1295,333
761,1057,1045,1301,1333,1600,1105,975,1057,1379,1298,926,1313,931,1228,1148,879
1079,1419,634,1307,1052,1457,1420,828,1140,1467,1086,1068,878,1029,1305,1307,143
751,1653,700,1369,1178,1512,1097,916,1159,1561,852,1102,908,943,1477,1278,351
699,688,929,1298,1272,1744,1029,1009,1244,1293,1051,1061,1324,926,1343,1038,148
1599,1472,791,1182,1016,950,1139,1046,1023,1378,1420,889,1302,1008,1107,1125,390
1674,1680,1022,1308,1048,652,951,816,965,1587,1038,1012,987,986,1157,1548,991
989,869,731,1074,1040,1559,1269,1587,1112,1386,1474,1047,1011,977,1340,933,485
696,1395,731,1557,1252,1682,1088,681,1078,1342,1074,945,1466,946,1355,1074,540
1035,1486,878,1184,971,1701,1156,826,1138,1245,1357,994,1365,993,1169,1019,472
731,1744,1234,1401,1172,739,1112,723,948,1388,1699,819,1507,943,914,1013,645
805,699,1210,984,1369,1195,1559,1442,1149,1214,1038,986,1262,898,1347,1371,333
859,1266,690,1193,1234,1027,1492,1260,1111,1275,1016,997,1136,946,1381,1408,361
1236,1716,858,1308,962,1052,1126,764,1044,1308,1304,932,1239,848,1147,1458,307
1643,1226,981,1198,1095,870,1102,1023,1227,1291,1292,1041,1156,845,1317,1111,28
1060,1551,344,1145,1100,1039,1666,1294,1144,1476,965,930,881,953,1319,1612,297
729,1467,826,1298,1171,1243,1281,1021,1144,1473,998,967,969,906,1441,1381,351
1449,662,1093,1353,1013,1407,1114,1135,1099,1288,1619,957,1277,845,1196,969,783
860,1446,1168,1159,1255,1493,1000,875,1125,1300,1404,887,1368,789,1178,1204,879
805,1538,762,1241,980,1500,1118,942,1153,1399,1363,943,1292,977,1188,965,472
1072,1201,692,966,1053,1410,1314,1434,1138,1494,1328,1163,765,948,1456,983,485
784,1101,875,1497,1316,1562,1279,577,1120,1591,1047,1065,1281,863,1289,989,540
1652,1467,1297,1270,1049,684,846,655,949,1581,1049,1106,931,924,1190,1550,991
1730,1376,1063,1010,941,1067,998,790,1048,1548,1171,1035,1065,994,1141,1259,390
796,1544,845,1365,1223,1153,1245,1028,1047,1558,967,1038,971,907,1436,1356,351
1051,1319,449,1262,1134,1635,1481,734,1184,1338,1048,1136,814,1028,1475,1257,143
847,1201,627,1163,1130,863,1744,1594,1045,1419,974,977,952,962,1266,1670,297
940,1313,387,1342,1128,1685,1208,881,1288,1404,981,1105,1018,951,1394,1139,148
475,1709,1099,1694,1395,835,1198,708,942,1485,1546,893,1438,921,1057,998,645
939,831,1455,759,1414,1031,1514,1207,1036,1369,1124,916,1341,904,1219,1371,333
1608,1103,1006,1283,942,1015,1225,935,1118,1258,1150,1139,1046,949,1305,1315,28
1030,1331,768,1510,1064,1422,1387,760,971,1452,1054,1029,1039,908,1452,1375,307
1744,1520,1114,1060,1168,326,1138,869,1064,1531,793,1114,889,974,1124,1719,991
883,1083,663,956,1029,1685,1240,1590,1054,1448,1470,1075,887,984,1316,1046,485
775,1268,486,1496,1484,1672,1273,652,1117,1576,1129,935,1284,843,1356,1039,540
849,1535,612,997,1470,854,1604,1218,1101,1490,972,981,994,888,1324,1508,361
734,1464,850,1178,1056,1723,1150,960,1082,1395,1375,1018,1350,966,1169,925,472
536,1579,955,1465,1214,1346,1220,822,1140,1415,1278,869,1288,876,1162,1252,879
1145,1446,662,1417,1046,1587,1322,640,1131,1341,953,1163,929,1070,1386,1290,143
787,1649,768,1417,1202,1033,1314,742,1094,1534,911,999,1023,920,1308,1462,351
881,1337,666,1178,923,1097,1585,1393,1149,1356,1016,914,1084,1005,1265,1388,297
1614,1383,1051,1075,1015,970,1186,814,1003,1547,1071,1012,1185,909,1148,1405,390
673,897,619,1303,1096,1744,1302,922,1230,1403,871,1062,1224,1032,1445,1013,148
1067,853,1370,779,1434,1093,1562,1080,1052,1339,997,1027,1250,883,1261,1471,333
782,1672,1091,1423,1239,1109,1063,601,896,1279,1529,971,1532,941,1000,1132,645
1115,467,884,1472,1347,1428,1410,1087,1074,1475,1390,1120,1034,895,1386,906,783
1215,1467,619,1465,1183,1110,1219,860,1008,1355,1195,894,1191,825,1210,1591,307
1665,1155,1171,1242,996,751,1222,872,1170,1293,1102,985,1153,851,1206,1460,28
908,1526,724,1009,1213,1037,1439,1269,1052,1328,924,1113,1030,1036,1330,1467,361
1697,1609,1107,1095,1078,610,907,873,950,1475,1047,1186,902,990,1253,1473,991
641,1107,661,1622,1292,1730,1195,711,1072,1438,1005,1050,1282,1004,1288,1141,540
903,1688,756,1416,995,1537,1032,777,1105,1305,1269,922,1416,1007,1110,1146,472
621,1245,766,1424,1396,1370,1357,1101,1072,1669,772,931,1092,858,1344,1504,351
1587,1389,907,1175,921,1289,1018,941,1083,1425,1263,929,1183,954,1205,1238,390
935,1265,499,1160,1144,1058,1629,1557,1057,1417,1057,875,980,913,1284,1630,297
1035,1258,483,1404,1224,1584,1281,826,1090,1473,887,1191,924,1107,1317,1291,143
697,1010,526,1370,1075,1744,1147,890,1191,1324,969,1026,1239,1056,1342,1133,148
907,940,1442,892,1401,1208,1389,1101,1040,1284,1146,984,1334,879,1212,1396,333
1032,993,677,1105,839,1652,1159,1559,1065,1344,1471,1106,998,950,1206,1132,485
875,1153,970,1367,1220,1606,1169,847,1098,1328,1328,1008,1308,955,1282,973,879
859,1137,777,976,1291,1334,1552,1324,1079,1401,1017,1018,1012,908,1403,1442,361
1422,1214,898,1257,1059,957,1160,1017,1133,1235,1237,1138,1098,933,1256,1250,28
814,1555,1363,1525,1241,917,1004,732,885,1309,1626,853,1632,850,1014,1073,645
864,1578,673,1278,1080,1653,1244,842,1116,1304,1283,1055,1255,1031,1257,979,472
766,1096,473,1686,1239,1744,1092,734,1160,1465,1021,1057,1293,978,1319,979,540
1153,1195,686,1269,1159,1365,1502,949,1057,1238,1059,966,1070,986,1376,1528,307
1398,962,615,1487,1098,1345,1273,1060,1074,1451,1442,989,1127,881,1212,1104,783
936,1447,446,1250,982,1342,1541,1241,1099,1415,969,1045,943,995,1360,1454,297
1047,1542,805,1346,1138,1082,1143,1076,1122,1443,850,1072,1001,884,1519,1389,351
863,997,617,1058,1175,1571,1438,1561,1103,1437,1250,1135,897,968,1458,1032,485
856,916,1202,1162,1138,1553,1188,1233,1141,1222,1349,959,1433,915,1273,988,879
798,786,1474,884,1274,952,1560,1445,1021,1318,1234,965,1284,938,1295,1225,333
1597,1451,1001,1070,927,1193,1033,861,1041,1516,1181,1085,1213,904,1149,1186,390
773,1061,590,1406,1075,1632,1203,1118,1283,1326,1202,925,1222,940,1339,1043,148
959,1033,543,1474,1046,1744,1443,816,1125,1282,1016,1050,927,1105,1343,1427,143
1744,1547,1151,1235,898,623,923,738,986,1491,916,1153,902,1075,1174,1583,991
744,1276,633,1163,1007,924,1653,1590,1094,1382,996,942,971,924,1415,1415,297
1658,1066,1292,1192,1073,839,1165,982,1167,1226,1274,1070,1130,874,1269,1270,28
710,1529,666,1057,1443,896,1508,1289,1138,1371,1000,959,1050,935,1312,1500,361
1185,1065,762,1439,1004,1483,1295,1018,1084,1405,1612,1016,1264,893,1138,844,783
1007,1486,662,1276,1183,1093,1286,1170,1095,1580,713,1139,940,906,1366,1487,351
896,1546,895,1371,1040,1491,1039,974,1149,1348,1405,1076,1191,944,1213,954,472
829,1352,604,1442,1264,1744,973,644,1079,1474,1150,1097,1349,964,1239,928,540
836,716,1370,769,1343,1392,1532,1241,1027,1271,1124,1117,1160,904,1331,1312,333
1682,1514,1117,1024,1138,479,1091,906,1009,1470,911,1167,845,1014,1295,1569,991
1322,1692,630,1405,803,1224,1242,803,980,1371,1144,985,1168,877,1220,1535,307
570,1689,1085,1524,1362,1024,1113,718,985,1341,1627,896,1378,961,1065,979,645
962,914,692,1058,1189,1472,1267,1672,1123,1484,1233,1029,889,943,1470,1109,485
1397,1313,633,1268,896,1310,1384,922,1147,1271,900,1051,1032,1069,1303,1446,143
646,996,762,1248,1131,1744,1379,1028,1177,1359,1121,965,1352,904,1331,1071,148
834,1248,1165,1413,1152,1585,1031,833,1137,1262,1328,909,1455,836,1089,1239,879
1688,1027,1065,1152,1080,983,1349,913,1138,1295,1102,1113,1108,836,1370,1318,28
923,1329,914,1123,1286,853,1480,1307,1029,1384,1075,861,1191,900,1302,1498,361
1029,1287,604,1484,1132,1454,1273,867,1071,1475,1175,976,925,962,1333,1363,143
1568,1167,1173,996,981,813,1321,1040,1062,1448,1130,965,1188,932,1243,1312,390
1058,1278,605,1085,945,1037,1505,1432,1127,1233,1016,929,1041,926,1310,1607,297
1465,698,939,1454,1072,1391,1397,832,994,1547,1472,1045,1150,822,1192,1037,783
1250,814,1338,832,1420,1018,1371,1237,1032,1276,1177,994,1378,823,1161,1409,333
1586,1355,1232,1052,1036,592,1133,835,976,1508,785,1162,981,988,1340,1531,991
724,1744,656,1298,1148,1227,1249,874,1209,1571,964,1049,986,803,1416,1282,351
1195,1410,718,1243,1036,1216,1524,844,1041,1466,968,1046,1063,863,1359,1474,307
844,1666,756,1188,1032,1298,1318,845,1139,1432,1276,927,1222,1064,1147,1073,472
943,1105,849,757,1140,1477,1279,1606,1183,1409,1368,977,914,969,1373,1087,485
707,1075,1148,1263,1165,1567,1055,1171,1107,1340,1432,883,1414,833,1221,1050,879
1060,1356,619,1239,1147,1131,1457,1132,1113,1388,965,1087,1021,933,1366,1407,361
496,1525,1177,1552,1219,1015,1331,846,975,1267,1468,823,1538,966,1081,1050,645
710,1005,613,1107,1246,1744,1294,1077,1261,1429,1093,1010,1193,914,1400,979,148
811,1202,593,1523,1402,1717,1218,633,1147,1564,1031,999,1239,937,1368,995,540
1088,962,715,1241,1194,1504,1330,959,1162,1308,1010,1005,963,1029,1401,1402,143
1550,1302,1120,863,1145,1078,1056,1062,1061,1388,1102,968,1146,999,1273,1343,390
1136,1363,490,1240,936,968,1607,1392,1161,1339,1090,959,981,895,1237,1569,297
951,686,1364,716,1480,1055,1637,1347,1091,1389,960,983,1226,874,1279,1478,333
1332,665,604,1386,1178,1661,1492,930,1169,1487,1338,1063,1006,885,1360,972,783
1644,1188,1094,1188,1079,1049,1111,927,1218,1324,1136,1000,1088,861,1320,1333,28
1744,1488,1297,1035,1090,569,900,701,1074,1361,941,1160,818,1076,1299,1520,991
712,1454,784,1151,981,1597,1429,1020,1210,1342,1095,1013,1212,1063,1377,968,472
1266,1652,587,1388,1046,1301,1219,785,1082,1378,1019,1042,1003,919,1448,1389,307
1081,1080,797,949,989,1296,1243,1579,1131,1408,1322,1141,893,955,1421,1009,485
804,1683,1116,1477,1174,850,1174,684,968,1383,1476,908,1387,995,1013,1129,645
1071,1517,761,1163,1123,920,1361,1117,1122,1382,948,1021,932,1023,1377,1475,361
677,1297,465,1282,1264,1744,1234,836,1160,1382,949,1070,1143,1052,1482,1042,148
1673,1416,1197,970,848,947,1038,970,1088,1307,1242,912,1182,944,1264,1341,390
938,1668,767,1268,1109,1149,1252,866,1118,1519,932,1008,878,907,1488,1430,351
568,1223,1128,1223,1315,1480,1383,906,1099,1462,1180,1035,1282,952,1241,1029,879
1683,1067,1106,1288,749,916,1200,991,1226,1215,1033,1123,1024,912,1388,1359,28
1275,1229,580,1180,1128,1632,1368,675,1110,1373,984,1120,798,1159,1395,1341,143
923,1301,636,1169,1050,966,1587,1612,1059,1399,854,976,1007,981,1400,1583,297
877,1308,867,1571,1225,1648,1094,591,1089,1480,1056,976,1278,1048,1299,1054,540
1335,673,885,1273,1096,1599,1363,1005,1049,1411,1498,1046,1110,964,1388,814,783
1013,872,1321,885,1234,1073,1503,1268,1068,1378,1074,1070,1246,836,1297,1311,333
1137,1583,847,1198,968,1466,1188,843,1070,1434,1465,931,1314,923,1083,1060,472
1408,1405,719,1490,1024,1129,1374,658,1051,1381,1092,1022,1115,964,1335,1320,307
1682,1474,1300,1076,909,592,1004,809,1021,1515,997,1037,977,942,1263,1521,991
953,1063,1273,1239,777,1542,1244,1150,1084,1241,1416,916,1332,995,1177,1119,879
971,1700,713,1297,967,1049,1475,1027,1175,1644,788,1068,771,808,1546,1474,351
913,1400,951,1051,1141,1059,1451,1217,1114,1403,1067,855,1182,843,1186,1586,361
720,1108,450,1098,1133,1633,1347,1483,1048,1455,1444,1068,856,1025,1361,1022,485
394,1630,960,1464,1296,1076,1268,850,1003,1396,1540,942,1258,1087,1110,940,645
876,736,633,1295,1080,1744,1375,981,1209,1263,960,1100,1232,1024,1371,1121,148
1606,990,1209,906,1109,912,1264,1112,1073,1350,1244,958,1112,855,1250,1438,390
1621,1219,1065,1203,989,941,1147,993,1243,1108,1031,1151,1035,913,1323,1476,28
746,1192,943,1618,1052,1639,1138,653,1079,1288,1249,920,1495,935,1312,1002,540
1741,1456,1260,1111,1075,494,1073,956,961,1542,1009,985,1047,955,1009,1598,991
1166,1510,600,1260,1030,1437,1149,986,1153,1398,1060,1099,892,1013,1286,1379,143
1085,660,797,1362,1100,1510,1594,1004,1095,1416,1537,951,1221,866,1230,898,783
945,1435,773,1153,1335,1483,1109,873,1146,1582,823,1026,863,904,1487,1402,351
1066,1283,866,970,1037,1339,1102,1571,1098,1416,1480,1080,997,918,1317,974,485
1068,687,1430,736,1432,951,1492,1372,1051,1331,1213,843,1452,814,1156,1407,333
841,1421,825,1446,861,1621,1325,760,1202,1353,1205,993,1195,1036,1284,1012,472
941,1344,716,1430,1240,1710,967,756,1019,1462,1049,1084,1252,969,1216,1224,540
853,1138,1129,1175,1212,1508,1169,1041,1038,1269,1287,998,1476,815,1250,1147,879
865,1136,517,1089,1055,996,1744,1579,1135,1321,950,901,951,1026,1327,1571,297
1608,1615,810,1297,912,869,1054,987,1182,1210,1242,1036,1174,774,1142,1520,28
833,1639,816,973,1281,875,1551,1252,1129,1409,1002,926,1115,849,1338,1512,361
926,1085,620,1232,1238,1744,1072,1090,1193,1285,1082,1023,1272,912,1328,1185,148
1246,1581,855,1491,773,1042,1241,831,1117,1255,1116,841,1132,901,1234,1636,307
1023,1233,597,1360,1142,1577,1315,891,1086,1338,1019,1051,908,1040,1462,1369,143
1743,1485,1159,1165,1161,638,965,807,977,1468,970,1131,990,971,1285,1452,991
721,1692,1124,1499,1168,1065,1144,740,951,1302,1575,896,1406,959,890,1282,645
1072,1317,1097,1218,1110,1537,893,924,1093,1176,1475,913,1445,909,1237,1029,879
1686,1264,1117,1056,936,959,1139,1072,1024,1401,1128,999,1143,900,1128,1470,390
1259,699,786,1518,1171,1355,1227,1109,1035,1356,1516,1151,1261,909,1312,716,783
887,1288,577,1557,1169,1744,1088,567,1128,1411,1126,971,1246,1042,1255,1101,540
637,1744,601,1511,1106,1102,1247,764,1145,1572,803,1156,919,950,1554,1138,351
1119,1322,839,1044,1263,1017,1352,1324,1135,1205,955,896,1086,943,1348,1652,361
927,993,681,1062,1158,922,1729,1517,1146,1300,846,948,940,920,1343,1684,297
1403,1744,757,1265,915,806,1295,777,1097,1407,1106,918,1063,1041,1224,1397,307
1135,1287,711,1168,1092,1464,1447,832,1176,1379,835,1175,968,1016,1330,1401,143
968,1078,897,923,1049,1514,1088,1650,1101,1414,1453,1049,944,945,1213,1130,485
909,841,675,1420,888,1744,1238,1096,1318,1251,861,1044,1121,964,1363,1358,148
868,627,1508,704,1463,906,1546,1527,1022,1336,1071,905,1308,885,1153,1600,333
765,1388,862,1316,1000,1693,1092,942,1103,1390,1295,972,1298,952,1177,1093,472
768,1654,1168,1404,1278,901,1138,883,941,1504,1478,853,1401,990,1027,1086,645
710,1254,1032,1315,1060,1555,1145,1139,1023,1401,1425,967,1414,970,1136,944,879
1689,1122,1116,1239,889,789,1173,978,1175,1149,1136,1167,1059,833,1328,1423,28
1716,1590,1247,1090,962,590,1071,519,1077,1396,891,1098,1015,994,1242,1509,991
1392,890,616,1259,1240,1323,1443,922,1091,1473,1529,926,1173,765,1235,1082,783
937,1081,488,1052,1160,962,1742,1552,1115,1393,747,1045,929,897,1276,1656,297
1744,1453,813,1067,1112,642,1129,824,1087,1405,1182,936,1117,911,1251,1391,390
1300,1241,766,1255,1283,1075,1443,841,1062,1429,960,1023,983,854,1354,1614,307
890,1262,773,990,1441,1067,1458,1349,1011,1477,809,1030,1007,946,1309,1631,361
926,1481,508,1156,1073,1572,1522,738,1210,1405,967,1122,856,1036,1453,1231,143
823,1104,751,1540,1283,1702,1206,603,1076,1449,1077,1019,1367,1049,1265,978,540
731,937,676,1265,1176,1702,1438,1072,1290,1412,896,1009,1174,918,1339,1242,148
996,1630,860,1277,1105,1258,1100,852,1106,1516,947,1096,988,920,1409,1298,351
1010,868,1295,797,1267,1119,1589,1302,1179,1203,1184,923,1236,918,1312,1325,333
417,1744,1108,1595,1254,1006,1143,732,997,1389,1490,789,1412,997,1126,1053,645
983,1057,743,897,798,1737,1186,1669,1219,1341,1402,1048,936,880,1424,1030,485
1034,1325,1124,1196,1068,1628,1018,751,1042,1374,1200,1023,1291,1003,1210,1137,879
900,1441,803,1273,952,1706,1084,848,1130,1261,1333,942,1341,951,1235,1087,472
1170,1140,743,972,1143,744,1718,1561,1066,1341,978,920,990,1023,1174,1702,297
1404,1177,1251,1174,1033,787,1141,1049,1170,1348,958,957,1228,804,1119,1654,28
1740,1578,1133,1068,1016,647,989,681,1013,1438,957,1123,955,1007,1264,1523,991
1254,1350,871,1195,1015,1510,1223,862,1093,1198,1234,823,1134,893,1244,1614,307
1464,1467,956,1100,1086,1024,958,1011,1085,1313,1365,863,1246,953,1110,1342,390
1382,857,640,1498,966,1349,1324,1194,1104,1372,1581,958,1161,914,1247,937,783
778,1535,808,952,1353,819,1642,1336,1172,1325,982,922,1037,893,1314,1635,361
996,1624,765,1485,1021,966,1215,1071,1146,1499,927,985,1016,896,1375,1402,351
1117,1472,629,1221,979,1634,1182,938,1155,1250,1282,934,1282,1030,1255,1092,472
1202,1393,720,1286,1044,1314,1385,936,1112,1320,995,1051,920,1130,1259,1493,143
925,1302,825,962,855,1561,1125,1623,1035,1480,1394,1090,823,957,1345,1156,485
1218,1459,760,1072,1019,661,1522,1524,1060,1332,1130,909,1089,908,1130,1633,297
666,1076,585,1381,1164,1703,1346,1154,1250,1459,1106,962,1224,920,1218,1134,148
1692,1344,987,1249,946,785,1184,868,1241,1198,1220,979,1164,884,1193,1401,28
1211,650,1328,897,1298,1099,1459,1226,1032,1418,1192,934,1286,893,1250,1275,333
579,1093,633,1592,1558,1652,1195,800,1095,1551,1036,1133,1194,986,1241,1033,540
868,1297,1125,1446,960,1578,920,933,1002,1342,1311,979,1364,893,1199,1190,879
732,1456,1325,1556,1226,1038,1027,900,977,1436,1537,1017,1395,903,998,1013,645
1186,1360,561,1304,924,1547,1353,901,1078,1349,1059,942,1016,922,1412,1441,307
981,1020,847,990,1022,1470,1167,1666,1087,1403,1522,924,1079,983,1237,1045,485
1744,1462,1447,1003,968,552,1063,705,1010,1377,999,1015,1071,945,1224,1635,991
796,1504,826,1129,970,1509,1239,959,1174,1468,1342,976,1154,1043,1175,948,472
1597,754,944,1390,879,1385,1149,1132,1132,1413,1634,971,1162,830,1118,1013,783
848,1537,762,1156,1136,830,1548,1268,1118,1370,971,862,1158,921,1296,1536,361
1504,1426,1118,976,845,1092,1011,1052,1089,1520,1235,922,1151,958,1074,1331,390
936,1074,619,1247,1219,1744,1155,959,1170,1440,1167,1025,1255,928,1229,1066,148
1033,1612,777,1432,1038,1136,1066,949,1094,1402,941,1055,968,931,1430,1451,351
1639,1354,949,1140,1085,773,1152,974,1130,1306,1251,1149,1056,890,1177,1321,28
720,1231,644,1091,1141,852,1711,1621,1121,1443,947,776,1120,875,1180,1721,297
747,1201,749,1555,1220,1726,1020,874,1005,1428,1072,1102,1329,1024,1231,1089,540
427,1614,1047,1528,1460,1321,896,715,1029,1472,1582,862,1411,891,1083,950,645
1091,1498,757,1473,1049,1351,1293,725,1051,1382,1161,952,968,1044,1341,1381,307
970,701,1251,923,1620,931,1468,1379,959,1309,1178,959,1381,867,1257,1370,333
1727,1408,1131,1092,957,675,928,731,969,1414,859,1108,1006,901,1167,1660,991
1170,1295,557,1278,1197,1483,1238,887,1126,1344,1012,1142,879,1055,1244,1475,143
919,1213,1047,1401,1033,1583,1077,960,1095,1254,1311,976,1422,844,1142,1236,879
1361,759,804,1332,1122,1548,1306,1038,1095,1322,1335,1071,1088,913,1358,1098,783
1248,1147,742,1025,1023,1571,955,1517,1066,1322,1484,1038,985,970,1239,1176,485
898,1215,672,1203,1033,1164,1623,1345,1131,1352,1086,850,976,979,1217,1581,297
1101,1383,761,1211,1268,877,1447,1191,1081,1218,1006,928,1138,1000,1339,1570,361
828,1525,828,1278,1027,1744,931,904,1143,1351,1318,995,1367,980,1137,989,472
680,1679,1012,1283,1296,838,1349,1067,1121,1502,1050,964,1086,832,1363,1342,351
1376,1691,522,1417,933,1196,1306,684,1115,1396,1154,1081,951,970,1379,1217,307
771,1744,1113,1468,1123,1038,1070,657,1029,1373,1436,941,1255,946,1125,1168,645
749,1318,767,1552,1269,1721,1094,598,1114,1468,1086,1024,1302,944,1299,1043,540
1744,1659,1125,1141,1093,449,1041,619,981,1531,979,1112,965,935,1116,1593,991
1498,1435,1032,1196,1041,882,1176,974,996,1509,1212,943,1164,950,1120,1386,390
1592,1137,1058,1182,1184,830,1372,746,1144,1359,1118,1151,1019,842,1205,1442,28
922,1140,1096,1179,1158,1480,1053,1063,1077,1285,1303,937,1328,947,1127,1276,879
649,1007,665,1377,1135,1737,1324,1011,1249,1294,1138,977,1389,878,1375,980,148
1019,842,1243,971,1282,1030,1495,1319,1038,1281,1108,1015,1299,844,1179,1516,333
1307,709,603,1362,1175,1548,1354,1083,1119,1456,1404,991,1046,901,1250,1072,783
1325,967,761,1259,1162,1611,1227,771,1038,1331,996,1178,896,1098,1272,1471,143
1082,1320,489,1106,930,1089,1627,1458,1091,1398,1068,933,1025,926,1212,1603,297
758,1294,654,1033,1000,1492,1426,1570,1105,1413,1344,1094,968,953,1338,1065,485
1213,1524,686,1315,1021,1343,1307,800,1063,1280,1175,917,1109,916,1165,1637,307
1617,1386,1155,1036,1167,702,1110,717,959,1378,889,1139,960,973,1253,1649,991
767,1040,679,1655,1227,1744,1174,573,1108,1411,1094,1095,1263,1054,1289,966,540
851,1295,1232,1383,1149,1347,897,1107,1087,1172,1422,924,1481,832,1119,1225,879
1024,1443,903,1040,1238,1099,1414,1119,1072,1391,1107,1053,1060,979,1267,1351,361
865,1436,900,1180,1118,1528,1233,1006,1025,1314,1366,980,1349,941,1147,1158,472
494,1634,1104,1622,1258,1222,1085,664,937,1408,1540,913,1423,1042,961,1056,645
1328,950,1203,789,1247,1189,1440,1113,1074,1272,1289,1003,1267,880,1193,1302,333
848,1315,500,1128,997,1048,1744,1439,1023,1500,1023,947,904,934,1232,1676,297
1744,1389,934,1164,918,810,1044,1072,1255,1233,1056,1117,1088,880,1266,1385,28
956,861,663,1244,885,1744,1344,989,1222,1369,937,1042,1152,1016,1376,1166,148
1048,665,679,1363,1216,1613,1535,1028,1139,1395,1245,1094,994,985,1480,948,783
1115,890,542,1293,1241,1680,1361,968,1094,1342,724,1159,853,1037,1396,1625,143
1671,1322,892,937,936,991,1100,993,1026,1388,1125,980,1157,960,1208,1436,390
739,1576,672,1293,1125,1080,1439,1113,1087,1552,919,1000,985,918,1383,1428,351
1194,1527,633,1503,1115,1054,1395,644,1060,1380,1050,997,1100,889,1236,1567,307
719,918,872,1316,1183,1696,1110,1111,1163,1362,1058,964,1320,949,1341,1123,148
1480,1221,1372,1261,966,974,1078,920,1151,1323,1123,1072,1147,805,1271,1388,28
897,1557,1262,1417,1215,703,1214,904,902,1300,1682,847,1500,897,944,1153,645
1218,925,864,1128,954,1365,1321,1467,1110,1424,1382,1045,975,881,1251,1212,485
911,1410,884,1326,918,1686,1068,758,1089,1337,1262,1074,1364,1085,1096,973,472
1026,1468,652,1162,1101,1093,1510,1180,1027,1308,874,913,1041,1027,1419,1667,361
592,1406,717,1677,1266,1719,1154,625,1150,1417,1053,1059,1260,933,1403,1005,540
1647,1506,1234,1294,1065,593,998,623,973,1564,1001,1087,955,949,1179,1566,991
1265,734,713,1208,1218,1637,1396,888,1065,1371,1400,1188,977,944,1392,943,783
1328,1260,694,1441,933,1450,1100,877,1130,1329,960,1119,918,1117,1316,1391,143
1716,1043,1041,1065,883,1125,1150,934,1135,1323,1260,989,1200,902,1217,1254,390
1140,671,1309,847,1500,882,1493,1332,1043,1270,1080,1026,1291,880,1328,1362,333
653,1338,1200,1303,1078,1558,1116,996,1145,1346,1268,1029,1252,863,1276,1101,879
570,1742,594,1412,1222,1195,1367,1031,1115,1651,1000,1063,919,899,1502,1088,351
1336,1298,775,1318,1027,1250,1293,895,1070,1394,1067,990,1066,857,1331,1505,307
931,1523,579,1137,1055,937,1655,1451,1080,1474,1008,915,937,986,1369,1497,297
996,1203,539,1102,960,1532,1238,1599,1147,1495,1403,1113,806,958,1353,997,485
758,871,690,1326,1041,1744,1309,841,1258,1292,1041,994,1191,1104,1362,1038,148
1549,1514,1000,1156,981,868,1151,905,1237,1283,1138,1051,1053,857,1213,1448,28
1744,1438,1206,1240,991,606,984,584,1024,1398,814,1120,988,1001,1295,1576,991
932,1414,652,1594,1370,1586,953,524,1013,1468,1047,954,1406,965,1208,1219,540
1339,1457,540,1133,889,1417,1454,878,1201,1293,1046,1087,852,969,1444,1388,143
1126,1606,891,1322,1122,1422,984,678,1080,1436,1333,970,1266,936,1134,1125,472
570,1744,1072,1517,1268,1023,1134,560,983,1465,1508,955,1361,1019,992,997,645
939,1680,714,1007,1178,1061,1594,949,1035,1473,1013,996,1057,922,1268,1488,361
716,945,1265,808,1407,905,1695,1380,1042,1388,1094,895,1379,872,1144,1466,333
1552,698,749,1594,929,1492,1253,816,1091,1310,1510,956,1163,928,1227,1095,783
1691,1471,1262,966,923,775,1054,759,1150,1533,1089,968,1064,884,1187,1405,390
888,1725,768,1435,1066,946,1305,929,1120,1547,979,1012,1007,877,1441,1297,351
1271,1703,526,1299,960,988,1385,842,1029,1406,1154,945,1069,843,1255,1511,307
1696,1661,1042,1158,1103,652,939,624,913,1584,988,1063,1028,863,1073,1691,991
925,1581,938,1306,1031,1333,1339,757,1100,1441,1266,1051,1274,1030,1082,1036,472
900,1061,535,1306,1085,1538,1154,1502,1082,1506,1334,1116,891,912,1348,1019,485
811,1253,622,1175,1112,1567,1235,956,1197,1318,961,1095,1249,1097,1261,1102,148
1101,1283,711,1110,1018,1570,1422,983,1115,1336,982,1030,977,1092,1235,1505,143
566,1470,1152,1540,1333,1250,1037,725,969,1351,1529,931,1473,880,1054,1079,645
820,1540,859,1073,1323,1057,1429,1075,1031,1359,1121,915,1253,894,1259,1448,361
796,1371,1317,1299,1076,1425,1145,851,1099,1288,1369,888,1421,882,1136,1197,879
596,1115,608,1474,1404,1744,1203,832,1041,1501,1094,1040,1364,937,1268,1035,540
928,1391,561,1180,1019,789,1677,1511,1061,1517,897,905,901,993,1300,1604,297
1318,751,940,1280,1139,1286,1269,1279,1081,1317,1558,967,1199,935,1318,834,783
1697,1457,1314,1162,1001,669,948,960,1121,1252,1143,983,1309,846,1218,1408,28
886,909,1418,785,1297,1323,1469,1150,1060,1426,1089,1061,1206,960,1319,1159,333
739,1517,949,1372,1187,1165,1236,1021,1094,1591,952,904,1031,860,1541,1261,351
976,1379,1070,1266,928,1632,979,894,1117,1246,1255,1002,1404,1017,1270,935,472
1674,1441,1190,1248,1082,741,978,845,987,1479,817,1184,933,1031,1270,1572,991
1656,1401,1053,1049,894,995,1001,1109,1023,1351,1185,993,1100,980,1330,1318,390
849,1687,515,1193,1119,1042,1558,1228,1177,1408,985,1067,895,1033,1478,1237,361
1356,1421,868,1388,843,1254,1302,745,1136,1375,903,911,1001,930,1459,1565,307
625,1589,1159,1446,1258,1051,1060,817,1026,1332,1624,811,1466,894,1004,1107,645
680,1158,620,1652,1256,1546,1255,809,1046,1462,995,1005,1287,1020,1296,1169,540
1069,1202,652,1014,996,1593,1065,1582,1125,1267,1443,1134,934,993,1406,978,485
1230,664,970,1214,1317,1313,1503,971,1148,1389,1585,1012,1119,865,1314,832,783
1663,1364,1104,1296,833,831,1172,835,1240,1214,1082,1084,1118,923,1343,1276,28
989,1233,616,1151,1236,1568,1331,930,1087,1318,1101,1087,940,1073,1301,1373,143
930,1094,616,1412,901,1707,1227,836,1211,1268,813,1172,1145,1062,1476,1133,148
1088,686,1549,883,1061,1030,1348,1630,1039,1175,1238,861,1393,886,1145,1543,333
958,1628,496,1290,1161,1211,1253,941,1139,1528,904,1078,967,872,1438,1337,351
1012,1236,955,1307,1062,1530,1100,857,1046,1234,1369,1016,1434,977,1254,950,879
920,1054,510,1029,1306,1076,1579,1458,1097,1497,867,902,956,876,1282,1675,297
1739,1542,1299,1128,876,563,1004,745,964,1416,950,1005,1075,999,1162,1652,991
995,1424,745,1331,1003,1708,1144,708,1101,1358,1166,1031,1228,996,1179,1221,472
1202,673,924,1311,1262,1352,1522,1034,1062,1454,1655,996,1149,844,1251,869,783
538,1706,1344,1563,1220,832,1088,802,941,1282,1549,965,1506,1083,1020,934,645
1092,1413,959,1293,1176,1285,1187,727,1008,1376,1214,894,1184,959,1304,1341,307
1260,1500,781,1212,947,1483,1229,716,1171,1366,844,1020,942,1029,1275,1626,143
648,1414,801,1151,1316,1018,1556,1240,1058,1340,931,877,1168,990,1309,1502,361
954,973,771,1007,1256,1328,1411,1513,1139,1436,1356,1095,872,932,1475,975,485
783,1127,789,1543,1099,1720,1198,709,1019,1471,1366,967,1427,922,1304,804,540
929,599,1366,791,1288,1451,1441,1415,1025,1409,991,945,1322,836,1293,1459,333
1564,1306,1068,1138,899,932,1197,908,1128,1215,1111,993,1220,773,1280,1546,28
1565,1118,1241,973,1022,1163,1102,1074,973,1359,1121,952,1145,1049,1286,1395,390
923,1284,1132,1317,1018,1611,982,1003,1070,1286,1499,922,1282,930,1218,1073,879
858,1337,395,1011,981,866,1744,1619,1032,1416,1016,887,1016,944,1179,1656,297
824,695,721,1345,1115,1744,1125,1138,1196,1348,868,1108,1171,1045,1477,1062,148
714,1727,532,1270,981,1360,1247,1120,1146,1551,932,1074,822,884,1581,1290,351
1689,1517,923,1094,1062,691,1161,853,981,1690,820,1151,852,948,1265,1527,991
892,1424,556,1301,1273,1542,1421,775,1119,1422,1030,1124,796,1065,1400,1319,143
1435,875,1046,1275,1051,1422,1463,656,1104,1471,1456,1024,1108,817,1289,963,783
1099,1225,834,1325,930,1715,1171,767,1165,1495,1185,971,1169,970,1236,1089,472
590,1306,556,1536,1362,1740,1272,565,1104,1506,997,1010,1246,928,1327,1162,540
1139,1744,669,1434,954,1178,1348,658,1150,1437,995,992,1036,962,1403,1305,307
645,1744,1099,1568,1161,779,1108,872,962,1327,1607,844,1466,962,1016,1096,645
967,929,1125,959,1294,1056,1670,1232,1060,1357,1092,965,1262,928,1285,1331,333
1476,1676,924,1336,1059,841,1079,725,1162,1378,1189,1067,1109,898,1224,1253,28
1124,1207,719,1007,921,1450,1116,1612,997,1371,1484,1080,1029,885,1276,1150,485
1092,1446,598,1232,1025,1139,1456,1292,1099,1326,972,971,872,952,1330,1596,297
652,1191,1401,1116,1317,1681,1062,703,1089,1315,1443,944,1377,938,1269,885,879
844,1263,951,1081,1234,1030,1522,1284,954,1355,1059,1038,1031,965,1287,1531,361
834,939,761,1251,1144,1744,1067,916,1160,1352,812,1045,1122,1023,1448,1318,148
747,1688,717,1512,1143,1252,1202,691,1212,1543,783,1036,907,846,1595,1341,351
1235,1064,714,1264,1108,1538,1363,917,972,1463,1628,919,1364,803,1254,860,783
1717,1656,1056,1130,1076,517,1045,651,1037,1523,872,1106,872,1021,1263,1564,991
1452,1432,1220,1090,1095,1042,1001,884,992,1443,1334,992,1241,917,1162,1199,390
846,1664,823,1387,787,1382,1141,832,1175,1389,1371,896,1286,946,1162,1055,472
602,1432,633,1602,1359,1628,1098,694,1055,1593,1168,1047,1299,918,1305,895,540
981,1228,490,1074,1089,628,1724,1631,1127,1384,972,990,1009,870,1328,1584,297
965,1499,816,1432,1071,1229,1236,737,1113,1387,1179,1018,1095,897,1368,1223,307
1025,1130,961,1187,1237,1563,1297,880,1067,1437,1264,1068,1312,852,1228,1052,879
1263,1614,566,1348,985,1241,1484,733,1213,1396,1000,1035,935,1040,1270,1391,143
941,628,1549,864,1296,1110,1554,1252,1104,1347,1136,975,1250,933,1146,1389,333
829,1107,658,1118,1324,1180,1579,1434,1091,1394,988,899,1221,825,1224,1511,361
1151,1267,593,977,986,1281,1336,1617,1097,1591,1353,1133,815,892,1332,1067,485
891,1703,799,1249,1209,1192,1274,868,1086,1510,951,1077,1036,914,1466,1238,351
895,1222,741,1111,1040,1593,1326,762,1192,1342,1104,1063,1218,1013,1300,1048,148
544,1634,1253,1541,1185,1062,980,870,1031,1406,1518,870,1459,959,1053,984,645
1598,1298,900,1090,1111,935,1107,1114,1074,1409,1225,878,1321,871,1103,1393,390
1696,1423,804,1480,823,985,1087,814,1226,1213,1051,1227,984,947,1420,1212,28
1744,1580,1180,1018,1003,592,963,731,1010,1383,947,1081,996,988,1281,1594,991
956,1146,1321,1148,902,1574,1148,956,1160,1276,1299,953,1434,939,1234,980,879
686,1332,759,1597,1418,1612,937,842,1034,1462,1094,994,1484,867,1277,1068,540
1102,687,608,1430,1076,1540,1585,1174,1128,1442,1448,1117,974,928,1304,939,783
886,1238,1098,1254,887,1632,1254,910,1200,1309,1298,958,1349,943,1235,988,472
812,1552,625,1201,1122,1451,1642,693,1194,1519,1000,1117,889,1022,1336,1203,143
786,1718,1042,1417,1220,910,982,877,950,1395,1522,786,1479,883,1045,1220,645
810,943,645,1491,1194,1707,1170,864,1140,1323,1053,958,1453,942,1158,1253,148
806,1249,746,1124,1210,1224,1552,1318,1071,1412,1031,962,1018,979,1420,1387,361
1627,1480,1255,1016,861,682,1233,834,1119,1456,1040,973,1102,851,1226,1513,390
625,1717,576,1340,964,1213,1570,1011,1121,1558,860,1059,909,885,1633,1255,351
777,1362,958,1273,1159,1504,1226,783,1156,1361,1323,920,1243,902,1295,1080,879
1589,1688,1011,1212,898,670,1039,609,1020,1522,932,1046,1006,918,1183,1613,991
1084,1273,616,1054,890,1061,1662,1517,1185,1312,970,971,988,945,1296,1606,297
932,1106,1046,887,1212,1153,1612,1269,1094,1274,1045,1064,1164,964,1237,1436,333
1014,1192,685,954,923,1500,1254,1618,1117,1360,1540,1047,969,927,1392,928,485
1425,1569,731,1321,921,1252,1308,590,1266,1313,1045,977,994,957,1335,1374,307
1646,1053,1184,1372,878,838,1039,945,1175,1157,1121,1061,1193,852,1188,1533,28
795,1406,834,1271,1176,1623,1186,897,1104,1327,1198,1032,1399,883,1198,1139,472
1490,578,882,1250,1036,1536,1213,1195,1112,1434,1579,866,1196,769,1195,1115,783
1081,992,753,1597,1191,1645,942,851,1056,1342,1046,1009,1347,1008,1361,1111,540
669,1690,1001,1624,1182,1135,1053,695,932,1463,1488,961,1386,958,1069,1023,645
1023,1304,735,1199,854,1054,1580,1528,1026,1299,1074,959,1069,905,1197,1662,297
980,1316,647,1409,941,1740,1375,738,1135,1337,912,1209,850,1107,1364,1366,143
647,995,633,1252,1164,1744,1388,910,1220,1395,1052,1038,1192,1027,1283,1073,148
862,705,1256,812,1363,1042,1660,1503,1061,1315,1133,933,1360,788,1169,1521,333
771,1287,765,1060,1221,1413,1569,1151,1053,1344,990,1069,995,949,1431,1449,361
871,1593,641,1405,950,1710,1093,754,1132,1345,1231,999,1174,1075,1228,1096,472
843,1232,724,1617,1181,1618,1104,785,1061,1408,1173,1044,1343,901,1255,1095,540
1227,1027,1031,1259,1018,1367,1310,935,984,1397,1491,1000,1266,868,1108,1054,783
566,1708,787,1191,1101,1605,1177,714,1049,1511,909,1119,949,968,1435,1340,351
1194,1432,1011,1330,940,1259,1148,847,1023,1192,1013,952,1274,818,1228,1696,307
975,1253,1365,1108,950,1386,1108,1135,965,1235,1548,928,1426,885,1121,1152,879
1637,1700,1058,1163,978,621,1000,679,956,1472,1105,1004,1112,883,1126,1618,991
1705,1323,973,996,946,988,1162,974,1110,1335,1292,1025,1086,880,1327,1225,390
1148,933,703,958,877,1560,1224,1565,1028,1215,1347,1247,872,1043,1369,1159,485
590,1610,1202,1662,1181,980,1045,740,909,1388,1568,848,1409,1040,1023,1095,645
937,870,1495,882,1238,1236,1337,1285,1046,1225,1168,937,1406,818,1150,1526,333
1178,1328,577,1334,1003,1338,1316,1022,1093,1274,968,1064,1058,965,1260,1564,143
832,1274,645,1181,1021,910,1621,1476,1062,1332,1064,1028,1006,962,1313,1513,297
1471,1106,1276,1219,876,1059,1166,1088,1173,1206,1101,1041,1205,852,1243,1459,28
1744,1382,821,979,781,816,1155,1191,1094,1341,1141,1010,1096,953,1228,1417,390
747,1149,598,1271,1073,1744,1375,948,1242,1415,925,1069,1148,948,1311,1222,148
956,1186,614,1508,1192,1725,1140,641,1103,1303,1097,1097,1377,932,1332,1039,540
1281,1495,743,1236,1065,1237,1301,922,1033,1407,1024,998,1116,815,1251,1545,307
1744,1429,1114,1054,880,550,930,996,971,1384,991,1160,1023,1072,1218,1446,991
655,1487,878,1261,1166,1626,1183,768,1054,1345,1315,1001,1373,986,1166,1040,472
944,873,1228,1210,1168,1600,1200,976,1105,1264,1488,977,1419,798,1102,1064,879
1357,603,929,1305,1125,1500,1438,1008,1144,1372,1318,1138,1186,861,1400,861,783
615,1142,958,983,1431,1246,1490,1392,974,1274,1024,931,1351,929,1239,1558,361
975,1558,634,1236,1171,1245,1279,935,1185,1392,870,1040,985,915,1471,1422,351
1154,1313,551,1311,1156,1470,1417,908,1065,1516,812,1075,876,986,1328,1579,143
1111,1041,756,1064,1130,1310,1218,1554,1051,1455,1332,1124,887,973,1324,1115,485
925,1260,537,1205,1088,876,1675,1443,1153,1372,1035,951,857,941,1327,1618,297
668,1637,1037,1654,1132,1256,1143,665,1003,1425,1378,874,1372,1026,1081,1121,645
777,1013,562,1636,1337,1610,1244,684,1109,1401,1007,975,1349,918,1344,1177,540
987,1151,1107,803,1302,972,1582,1226,1162,1240,1233,881,1375,803,1177,1409,333
1228,1406,791,1405,899,1377,1220,689,1094,1419,1053,989,1079,871,1347,1428,307
697,915,508,1467,1120,1744,1267,990,1202,1233,909,1033,1344,910,1389,1260,148
1674,1270,1114,1229,971,906,1205,695,1210,1058,1301,1047,1242,868,1283,1271,28
1735,1531,1092,1355,936,571,976,757,943,1516,997,1154,961,955,1173,1485,991
1277,707,694,1321,1116,1455,1314,1204,994,1462,1476,1004,1165,914,1222,961,783
822,1480,888,1454,839,1654,1177,935,1091,1350,1339,1021,1228,922,1144,1185,472
758,1323,712,1559,1188,1711,977,826,1113,1373,1144,981,1429,906,1233,1101,540
793,1096,1284,1325,1234,1344,1299,905,1150,1389,1473,846,1388,795,1223,974,879
685,1580,644,1320,1276,1330,1471,878,1188,1571,877,1005,908,906,1536,1265,351
1093,1063,586,1294,1227,1663,1405,879,1137,1289,953,1111,936,970,1544,1332,143
1501,1360,896,1213,904,1156,1179,867,1120,1320,1149,884,1216,846,1185,1527,390
755,1010,1104,1098,1292,1247,1375,1399,961,1349,982,949,1214,993,1234,1553,361
1127,907,734,982,1055,1446,1300,1655,1113,1439,1284,1162,891,976,1404,1011,485
1007,741,1204,795,1442,1223,1400,1410,1065,1319,1126,979,1321,931,1136,1403,333
917,1247,700,1376,1021,1700,1058,983,1210,1330,1122,1044,1360,958,1238,1018,148
891,1097,624,916,1072,992,1699,1694,1168,1312,980,959,878,992,1285,1657,297
589,1572,1087,1626,1135,1231,1012,819,939,1282,1592,860,1575,956,969,1069,645
1004,1649,539,1375,1004,1010,1426,867,1146,1295,1085,945,987,862,1408,1547,307
533,1460,585,1702,1379,1598,1009,737,1066,1457,1159,1011,1440,1001,1209,937,540
770,1685,785,1393,907,1402,1198,865,1169,1354,1293,959,1433,1054,1141,877,472
1603,1608,1094,1299,1137,786,814,625,1076,1499,907,1120,971,923,1203,1577,991
1300,1121,1084,1071,952,1352,1404,996,1082,1572,1063,985,1069,887,1146,1476,390
1645,1162,826,1301,1030,830,1184,1006,1159,1292,1008,1067,1077,903,1302,1433,28
1389,692,944,1310,1087,1404,1271,1062,1062,1396,1506,917,1260,808,1267,1047,783
1070,1440,615,1292,957,1124,1428,1354,1163,1291,946,904,1021,973,1320,1611,297
1038,1214,628,1196,1020,1744,1104,788,1285,1326,1017,1025,1158,1012,1294,1163,148
1010,1074,1325,1162,980,1547,1138,863,1137,1327,1294,867,1327,906,1264,1158,879
743,1734,770,1335,1198,877,1362,913,1120,1509,892,930,918,893,1445,1563,351
888,1434,459,1147,1211,1068,1606,1374,1027,1358,1003,1045,1050,980,1274,1521,361
765,1573,1067,1624,1203,1145,1045,764,1005,1299,1581,851,1514,911,1048,1031,645
1010,1195,1271,845,1285,998,1488,1129,1159,1359,1186,968,1278,827,1288,1215,333
998,949,616,1265,970,1744,1582,834,1216,1500,929,1138,742,1152,1426,1177,143
972,1039,584,1056,985,1535,1314,1572,1046,1373,1401,1056,974,1024,1290,1116,485
751,1199,483,1603,1245,1744,1277,727,1101,1394,1121,1045,1333,967,1367,952,540
648,1623,700,1362,1084,1595,1201,841,1092,1487,1229,1049,1138,1109,1195,981,472
1285,1297,574,1464,1036,1243,1222,778,1107,1194,1015,981,1175,945,1383,1476,307
1681,1367,1226,834,926,838,1101,903,1083,1365,1308,878,1262,838,1214,1332,390
744,1264,532,1324,1244,1728,1232,921,1256,1260,974,1006,1227,992,1497,1068,148
469,1636,1128,1518,1160,1087,1045,917,910,1372,1605,858,1420,900,1006,1209,645
1069,1246,505,1151,976,951,1639,1628,1101,1358,1000,995,882,940,1359,1571,297
1672,1072,1145,1190,834,1063,1140,1053,1259,1160,1087,1058,1065,901,1334,1416,28
1026,791,1237,785,1549,954,1472,1400,1049,1268,1115,1015,1301,915,1193,1424,333
1744,1592,1016,1116,1079,549,1122,641,998,1410,957,1112,939,1019,1224,1579,991
1224,741,573,1482,1237,1482,1460,937,1178,1463,1394,1055,1027,954,1386,823,783
865,1215,675,1142,1259,1286,1258,1407,1014,1321,935,1012,995,1038,1271,1664,361
821,1335,976,1341,1166,1501,1242,830,1172,1297,1322,931,1301,990,1288,979,879
900,1744,553,1436,1071,1050,1251,943,1098,1426,1004,1069,926,898,1476,1383,351
1131,1164,478,1341,1158,1716,1362,786,1174,1364,846,1159,805,1117,1528,1287,143
858,1160,760,1021,1010,1672,1164,1489,1141,1299,1487,1041,986,979,1369,956,485
1471,1212,1027,1080,834,785,1271,1240,1052,1401,1202,990,1085,928,1216,1406,390
555,1239,745,1620,1246,1715,1134,788,1117,1275,1079,1066,1392,1004,1275,1072,540
778,1588,1520,1518,1140,839,911,952,997,1317,1568,836,1483,917,1043,1111,645
805,1207,544,1216,992,1744,1375,905,1251,1304,749,1141,1032,1141,1515,1147,148
690,1517,693,1346,1034,1657,1253,792,1107,1424,1301,995,1297,970,1258,928,472
1204,1533,616,1402,1060,1216,1361,563,1122,1246,1154,1016,1033,969,1577,1163,307
1314,883,737,1387,1048,1442,1236,1176,1089,1432,1516,992,1069,923,1285,974,783
930,1573,677,1292,1271,1158,1459,894,1229,1489,883,965,927,867,1594,1295,351
804,1509,858,1467,1086,1592,963,865,1114,1386,1474,915,1242,896,1123,1130,879
1632,1618,1058,1244,1011,610,891,808,1040,1540,962,1108,895,946,1176,1558,991
1072,1358,610,1100,1033,843,1702,1500,1134,1483,996,916,913,932,1316,1515,297
1619,903,1126,1068,1019,880,1300,1140,1208,1207,901,1116,1048,886,1413,1501,28
742,1363,915,1204,1308,1059,1278,1411,1018,1343,1000,886,1214,940,1239,1626,361
801,1394,514,1471,1233,1744,1079,549,1114,1486,1005,1157,1072,985,1502,931,540
1191,713,1706,777,1208,947,1384,1244,1078,1225,1126,1038,1391,836,1281,1305,333
1117,1330,462,1409,1138,1724,1267,770,1104,1511,1050,1035,853,1033,1249,1442,143
950,963,754,1309,1074,1652,1047,1005,1200,1294,1130,1088,1286,1038,1216,1028,148
988,1079,938,1034,974,1479,1108,1631,1054,1419,1460,1205,962,939,1280,961,485
1206,1320,655,1422,1207,1229,1288,834,1043,1405,900,1014,1098,912,1384,1524,307
1459,861,820,1447,1053,1027,1327,1114,1036,1484,1611,966,1267,788,1243,818,783
610,1568,1048,1544,1286,1043,1041,855,990,1435,1438,915,1382,987,1150,983,645
1578,1364,939,1084,860,1302,1094,751,1087,1457,1142,1068,1011,948,1306,1261,390
1744,1100,1229,1171,941,932,928,822,1139,1176,1085,1061,1238,821,1163,1538,28
1237,1404,701,1135,938,1005,1438,1302,1105,1412,922,1027,961,949,1277,1561,297
1744,1398,1158,1180,1118,928,867,552,987,1521,657,1157,958,903,1163,1732,991
678,1537,757,1359,1058,1643,1176,890,1145,1450,1183,1030,1241,984,1258,989,472
915,1296,1206,1375,1061,1496,1093,830,1133,1370,1355,886,1306,886,1233,1111,879
690,1598,641,1417,1084,1421,1320,938,1219,1493,824,941,1004,848,1511,1440,351
877,1394,744,924,1108,1138,1655,1343,1018,1225,1017,1031,1107,927,1286,1587,361
990,1080,1222,862,1282,1083,1519,1235,1031,1308,1293,880,1248,857,1224,1439,333
976,986,795,1358,852,1693,1261,911,1268,1219,1007,1008,1254,979,1453,1092,148
623,1141,727,1573,1332,1619,1249,811,997,1487,1094,1031,1397,954,1333,987,540
1060,925,844,1027,1030,1531,1291,1531,1102,1514,1334,1074,819,881,1262,1257,485
1211,1617,1056,1333,897,961,1386,641,1103,1331,1107,1002,1041,938,1342,1416,307
1655,1409,1223,1099,1109,573,1028,728,1038,1442,954,1092,997,976,1275,1505,991
959,1390,644,1182,1214,920,1441,1436,1052,1309,1052,947,1083,922,1227,1623,361
1668,1033,894,1283,887,1031,1255,1077,1280,1277,928,1048,1033,888,1340,1476,28
1600,1512,928,1083,828,1069,1149,999,1212,1440,1045,969,1020,860,1274,1460,390
612,1742,951,1407,1133,997,1313,807,1056,1522,1614,782,1307,925,1017,1047,645
852,1483,528,1263,934,1009,1646,1439,1175,1407,931,942,854,958,1397,1549,297
1439,788,861,1111,998,1446,1469,1036,1141,1430,1595,1006,1140,752,1227,989,783
696,1550,764,1302,964,1605,1392,858,1141,1348,1309,1070,1321,1047,1145,899,472
1064,1294,579,1265,924,1570,1602,921,1140,1354,855,1206,829,1077,1470,1349,143
782,1509,630,1551,1125,1528,1184,785,1084,1435,1297,983,1321,872,1232,1056,540
1527,1261,853,1311,919,1093,1234,840,1051,1448,973,1031,992,968,1393,1424,307
541,1706,615,1416,1118,1069,1236,1024,1173,1565,897,997,991,838,1559,1260,351
1104,495,1423,912,1372,1123,1544,1244,1027,1370,1051,977,1267,877,1315,1396,333
841,1035,648,1362,1021,1690,1406,909,1242,1419,1192,916,1198,940,1342,1031,148
1513,1320,1040,1042,830,1086,1277,1029,1072,1395,1050,886,1197,942,1289,1449,390
1046,1092,861,806,1056,1531,1198,1579,961,1457,1464,1077,903,962,1299,1156,485
1563,836,748,1213,1056,1502,1414,928,1047,1271,1494,1154,1059,1034,1335,886,783
932,1390,598,1304,1078,1213,1483,1261,1091,1242,894,897,1078,998,1322,1654,361
1079,1344,458,1176,1107,669,1630,1549,1020,1352,1121,848,1140,873,1134,1705,297
1728,1589,1263,1229,1024,460,904,787,926,1488,1111,931,1154,924,1134,1599,991
834,1335,1114,1352,1064,1537,1036,910,998,1367,1496,916,1394,828,1076,1090,879
620,1504,1131,1423,1265,1126,1225,865,993,1411,1626,748,1479,807,971,1218,645
1656,1302,974,1294,964,832,1200,950,1140,1246,1094,1031,1135,838,1221,1575,28
765,1673,748,1267,934,1581,1366,699,1066,1429,1303,981,1315,954,1208,1024,472
914,1601,578,1430,1027,1235,1349,938,1159,1489,837,1019,906,868,1508,1494,351
1170,729,1108,914,1161,1223,1594,1360,1052,1361,1177,985,1318,829,1247,1311,333
682,983,724,1389,1149,1744,1557,733,1029,1376,1213,1081,1011,1099,1284,1187,143
1219,863,769,1406,944,1392,1314,1195,1007,1441,1541,1068,1195,816,1212,963,783
1607,1127,1108,973,1032,944,1118,1045,1023,1429,1423,936,1319,800,1067,1283,390
509,1563,1295,1474,1211,1309,1217,676,938,1433,1720,829,1462,876,941,1019,645
728,994,605,1372,1016,1744,1336,883,1193,1454,944,1086,1082,1131,1361,1029,148
1271,818,814,937,940,1711,1054,1606,1162,1338,1566,1025,1060,881,1257,954,485
1201,1538,738,1470,834,1265,1485,644,1059,1386,917,1073,989,894,1443,1519,307
865,1486,716,1118,1033,1095,1330,1484,1037,1321,935,934,1121,909,1224,1679,297
784,1270,630,1622,1344,1682,1061,669,1039,1546,1027,984,1336,1002,1277,1069,540
723,1324,800,977,1220,1140,1657,1332,1021,1380,1007,969,1058,903,1388,1479,361
969,1301,1306,1114,934,1628,1071,770,1043,1234,1535,951,1493,884,1074,1035,879
1683,1544,1098,1073,927,675,1028,576,984,1430,1098,1056,975,978,1167,1566,991
1584,1361,777,1236,1043,853,1218,875,1122,1293,1344,940,1103,844,1254,1323,28
922,1351,959,1309,840,1663,1111,947,1122,1348,1286,940,1394,978,1203,1009,472
983,1044,519,1231,1239,1693,1472,924,1144,1312,1122,1132,975,1005,1365,1225,143
1472,834,694,1345,1122,1411,1364,945,1064,1575,1471,1119,1112,869,1202,868,783
772,1744,724,1290,1046,1212,1175,891,1160,1602,1068,980,897,930,1389,1216,351
973,1207,1389,1195,1010,1380,1193,923,1049,1334,1366,870,1335,905,1124,1297,879
1055,648,1385,909,1394,1257,1403,1186,1089,1318,1192,876,1236,904,1255,1410,333
1135,1265,562,1038,958,1524,1323,1436,1097,1398,1421,1091,888,915,1334,1136,485
1318,1654,1094,1413,845,952,1166,658,1092,1230,1199,887,1169,883,1261,1551,307
588,1684,1154,1511,1261,1187,1024,653,967,1392,1563,947,1370,984,1073,951,645
1524,1329,960,1017,1173,1064,1081,931,1089,1515,1158,1066,1007,952,1258,1226,390
786,1089,707,1111,1009,995,1547,1594,1078,1305,948,938,1087,970,1252,1644,297
976,1354,968,1066,1060,691,1632,1433,1016,1216,869,973,1128,934,1267,1656,361
559,1197,653,1583,1370,1719,1273,656,1080,1449,1060,1128,1274,997,1276,1016,540
931,1088,656,1328,1049,1683,1094,965,1233,1341,1094,1018,1155,947,1468,1024,148
1693,1201,984,1239,847,716,1015,1162,1252,1085,1243,1023,1203,818,1144,1512,28
1744,1634,1132,1011,905,584,1028,611,970,1439,987,970,1016,925,1190,1642,991
1069,1625,739,1299,1102,1625,1046,664,995,1429,1433,1086,1245,1030,1162,895,472
1218,1306,826,1261,956,1326,1255,905,1031,1415,1135,1037,963,987,1366,1346,307
1133,1088,985,1063,997,1282,1078,1475,1084,1415,1389,1054,915,934,1233,1256,485
790,1683,1225,1401,1098,993,1153,686,989,1355,1634,912,1378,903,1048,1040,645
757,887,1386,859,1271,1198,1542,1299,1121,1375,1169,954,1209,855,1250,1347,333
1552,970,890,1090,1008,1286,1305,1065,1048,1348,1617,976,1289,802,1093,1099,783
977,1563,688,1405,1235,947,1187,1055,1159,1439,898,995,1008,871,1541,1369,351
1038,1034,1179,1245,1214,1569,1010,979,1196,1279,1485,987,1334,881,1262,833,879
1680,1219,733,997,1003,1323,1277,876,1066,1450,1071,961,1058,1024,1195,1439,390
1744,1654,1062,1198,896,618,878,814,932,1524,965,1188,932,936,1185,1599,991
819,1498,825,1228,1109,1596,1205,917,1198,1422,1130,1067,1157,1010,1281,1015,472
925,1279,896,1068,1203,1055,1394,1420,1174,1369,893,905,1069,983,1299,1588,361
771,1082,675,1470,1244,1699,1347,665,1215,1405,1016,1081,1201,929,1350,1083,540
1463,965,1207,1291,1010,1109,1155,973,1241,1215,984,1048,1133,844,1331,1484,28
845,1226,536,1207,1065,1744,1368,803,1298,1435,968,1067,1126,948,1402,1011,148
1255,1337,628,1329,788,1653,1356,759,1139,1253,1028,1206,865,1070,1331,1388,143
1173,1214,569,1120,1052,1293,1384,1422,1023,1315,1034,989,1073,951,1126,1648,297
680,1693,796,1474,1212,1051,1180,943,1135,1503,884,1071,1070,892,1449,1276,351
1338,1391,886,1302,1071,1169,1158,897,1050,1322,1249,970,1256,884,1184,1365,307
1006,768,1179,985,1480,1139,1477,1238,1131,1178,1130,931,1384,837,1294,1395,333
1287,1189,687,1018,954,1178,1105,1624,1017,1379,1378,1198,882,959,1421,1046,485
734,1337,687,1661,1423,1648,998,711,1120,1357,1061,1153,1265,876,1398,1050,540
741,1626,1116,1590,1116,1171,937,796,1075,1306,1602,908,1389,941,1086,923,645
618,1347,1136,1460,1073,1424,1156,908,1049,1344,1312,1058,1416,955,1085,1054,879
1621,1528,1211,1052,1090,738,931,713,1031,1392,958,1129,974,948,1167,1607,991
1671,1244,1091,972,1025,1150,1146,835,1060,1464,1111,924,1075,932,1225,1489,390
1231,1020,955,1480,798,1261,1275,1056,1031,1392,1599,952,1348,851,1085,932,783
1604,1466,1148,1337,955,674,1008,841,1229,1139,1217,1147,1091,912,1277,1268,28
720,1347,875,1334,943,1632,1385,779,1162,1370,1167,1052,1292,1085,1183,969,472
1180,1490,700,1121,1026,683,1440,1504,1101,1371,939,999,877,1034,1256,1630,297
751,1602,553,1334,1328,1299,1177,1100,1129,1525,1046,987,992,889,1435,1277,351
813,1390,883,1140,1378,1021,1284,1253,1054,1221,952,967,1127,966,1367,1610,361
