l5e1,l5e2,l5e3,l5e4,l5e5,l5e6,l5e7,l5e8,l7e1,l7e2,l7e3,l7e4,l7e5,l7e6,l7e7,l7e8,maj_class
1099,998,875,1155,1162,1149,1394,1198,1055,1504,929,1077,925,905,1323,1502,297
1216,1200,1082,1189,1084,1538,1096,865,1053,1529,1134,1024,1133,894,1211,1302,472
1308,1115,902,1254,1112,1400,1283,890,1137,1486,891,1117,883,1050,1347,1369,143
1264,1069,951,1068,1097,1327,1253,1251,1078,1492,1127,1098,949,914,1288,1326,485
1157,1100,847,1161,1249,1255,1398,1094,1041,1472,913,1070,1030,910,1327,1517,361
1068,1161,869,1389,1157,1608,1159,769,1108,1541,1019,1061,1071,898,1329,1244,540
1502,1050,1197,1098,1033,1169,1107,1007,1073,1498,1072,964,1058,938,1257,1420,390
1392,1170,1110,1189,1071,1184,1144,864,1054,1503,904,1097,997,944,1270,1495,991
867,1387,515,1289,1158,1256,1587,1194,1162,1458,1032,1015,918,930,1366,1399,297
792,1488,639,1366,1145,1563,1273,869,1177,1476,1151,993,1147,939,1306,1091,472
873,1234,583,1110,1099,1564,1451,1251,1194,1472,1193,1022,926,965,1337,1171,485
1542,1347,1005,1108,1029,1015,1149,958,1106,1397,1012,1006,908,1015,1254,1551,991
1026,1234,452,1342,1160,1650,1378,843,1093,1437,1151,1045,961,977,1345,1271,143
1472,1115,864,1102,955,1000,1282,1283,1110,1354,957,1013,878,1015,1237,1662,297
872,1540,613,1145,1200,1282,1408,1211,1115,1395,1177,936,1078,964,1245,1365,361
1562,1336,878,1039,933,997,1319,1124,1135,1456,1080,972,947,983,1193,1514,390
989,1304,770,1342,1143,1606,1116,969,1087,1418,1269,995,1299,853,1270,1089,540
1191,1398,977,1151,983,1290,1216,1023,1091,1367,1065,975,1087,1028,1224,1443,472
1519,1541,905,1275,759,1058,1246,847,1011,1393,994,1050,1013,1039,1209,1556,991
1091,1558,927,1159,998,1389,1115,1033,1156,1383,1064,1006,1131,908,1308,1324,472
1350,1417,744,1127,1111,1114,1261,867,1089,1405,1028,1070,1025,964,1292,1407,143
1035,1033,604,1165,1051,1630,1339,1353,1127,1415,1211,1032,945,954,1342,1254,485
1204,1413,716,1065,1214,1171,1328,1126,1084,1394,1078,963,1136,968,1263,1394,361
1429,1519,908,1046,1061,1156,1124,1032,1039,1462,1149,955,1203,983,1159,1330,390
1222,1732,660,1208,1038,868,1394,1114,1075,1494,1099,954,1005,910,1168,1543,297
905,1407,787,1355,1168,1559,1116,885,1127,1456,1023,1029,1164,956,1328,1197,540
1463,1486,931,1177,1011,1088,1069,986,1016,1471,1048,1018,1045,1037,1169,1457,991
1368,1503,930,1192,977,1420,947,834,1018,1433,1072,1195,911,1055,1155,1441,143
1200,1368,869,1155,858,1506,1014,1174,987,1486,1332,1142,877,990,1151,1257,485
1072,1469,842,1311,969,1543,1137,811,1005,1550,1119,1171,992,992,1101,1350,472
901,1418,650,1265,964,1482,1403,1186,1079,1472,1033,995,1104,860,1301,1436,297
1150,1638,725,1166,875,1231,1287,1089,1068,1390,1085,1004,1024,1007,1179,1523,361
1195,1389,946,1096,861,1386,1231,1029,1058,1441,1113,966,1216,888,1174,1403,390
1617,1455,902,950,1035,966,1309,975,1038,1471,1100,1040,922,976,1301,1432,991
1187,1257,586,1238,1139,1539,1262,1002,1079,1479,1149,996,1169,919,1238,1246,540
1341,1346,696,1086,1070,1319,1348,1009,1072,1446,955,1129,865,997,1372,1428,143
1111,1259,831,965,1124,1445,1036,1402,1096,1396,1177,1012,1031,921,1259,1388,485
957,1336,638,902,1055,1444,1468,1334,1072,1251,1062,893,1132,956,1166,1650,361
886,1343,527,878,1026,1262,1523,1509,1110,1236,1070,929,1057,988,1218,1531,297
1079,1230,606,1258,1007,1377,1231,1479,1064,1404,1238,1075,829,975,1429,1266,485
647,1061,608,1354,1394,1523,1397,1116,1039,1542,936,1102,1161,985,1286,1229,540
855,1233,870,1115,1216,1149,1523,1319,1049,1452,897,1023,1094,912,1192,1612,361
1476,1302,849,1044,1147,1076,1210,1080,1037,1526,918,1095,916,968,1252,1560,991
1401,1332,829,1026,1126,1129,1114,1206,1070,1437,1097,998,1144,913,1177,1444,390
781,1464,649,1032,987,1621,1369,1152,1147,1339,1162,1023,1161,955,1108,1385,472
1140,1248,571,1300,1090,1426,1301,1190,1073,1364,1112,1115,845,1047,1414,1310,143
939,1261,606,1161,984,1282,1535,1410,1126,1435,924,1018,967,991,1330,1440,297
1281,1137,638,1158,1074,1520,1144,1302,1105,1499,1122,1097,925,952,1318,1262,485
939,1642,722,1170,1253,960,1390,1095,1075,1364,1066,956,1098,976,1305,1440,361
1429,1398,957,1107,1131,964,1117,1068,1073,1359,1131,965,1098,1026,1272,1356,390
932,1417,867,1355,1150,1398,1315,810,1038,1453,931,992,1248,920,1235,1408,540
1078,1487,641,1092,1059,1458,1417,1011,1159,1298,992,1042,939,1167,1339,1344,143
1439,1489,989,1246,1168,947,991,917,1013,1424,1073,1043,1045,953,1226,1489,991
1049,1440,644,1119,1087,1264,1459,1170,1105,1471,1033,969,953,1032,1284,1433,361
1059,1441,701,1232,1105,1347,1196,1129,1087,1370,1080,1045,1108,1012,1328,1250,472
1133,1538,630,939,854,1362,1280,1427,1153,1361,1220,1047,839,1108,1451,1101,485
1014,1569,540,1092,1003,937,1542,1437,1170,1380,1095,912,910,1070,1403,1340,297
1126,1112,652,1174,1039,1507,1199,1254,1145,1318,1008,1056,1083,963,1354,1353,143
1433,1326,734,996,956,1300,1126,1347,1123,1334,1228,961,1211,968,1300,1153,390
1616,1441,685,1075,935,920,973,1178,1050,1382,1108,1000,1037,960,1318,1425,991
1017,1234,634,1222,1123,1605,1180,1141,1085,1450,1099,954,1254,927,1281,1230,540
1130,1159,604,1237,928,1566,1202,1189,1206,1481,1108,995,1056,953,1314,1167,472
1367,1413,590,1128,865,1180,1421,1262,1194,1440,1111,1064,881,935,1356,1299,361
1137,1131,683,1220,1023,1543,1369,1028,1102,1545,992,1078,840,1003,1341,1379,143
1501,1345,914,1125,985,1163,1180,854,1068,1447,1197,992,958,920,1136,1430,991
911,1475,591,1154,1021,1093,1563,1336,1106,1429,976,975,995,976,1253,1523,297
1234,1372,598,1242,1168,1583,1301,710,1058,1518,1103,1108,1087,1041,1308,1057,540
1124,1151,579,1095,1291,1282,1498,1226,1103,1395,995,976,1063,1026,1253,1469,361
918,926,797,1099,936,1637,1340,1376,1230,1336,1412,975,972,951,1360,1044,485
1213,1535,627,1188,1057,1589,1251,820,1087,1489,1222,1135,1093,1025,1198,1031,472
1681,1406,889,934,959,1311,1206,866,1142,1448,1316,944,947,982,1150,1351,390
1304,1484,619,998,1178,1208,1421,962,1171,1349,901,1068,949,1094,1268,1480,143
1103,1234,701,1178,1022,1390,1298,1173,1018,1448,1037,1019,1025,1072,1242,1419,361
1255,1345,876,1133,1027,1475,1261,908,1079,1390,1155,985,1151,926,1168,1426,390
982,1461,634,1322,1174,1652,1155,789,1094,1522,1138,1014,1078,1020,1195,1219,540
1044,1673,429,1228,1018,1151,1512,1162,1077,1407,1184,1006,1060,919,1107,1520,297
1538,1590,868,1202,966,952,1080,833,1015,1448,1159,1028,1079,910,1102,1515,991
1264,1412,596,1088,923,1448,1152,1310,1046,1412,1285,1128,894,1090,1214,1211,485
1276,1269,745,1236,1011,1618,1093,846,1079,1394,1070,965,944,1055,1237,1536,143
1503,1624,800,1150,959,940,1194,872,1096,1352,1218,1015,977,990,1249,1370,390
1050,1302,905,1262,897,1409,1339,1025,1023,1498,1159,1025,1233,907,1152,1283,472
1638,1456,1040,1056,993,893,1059,906,995,1416,988,1047,1034,957,1239,1555,991
1053,1596,803,1307,1138,1308,1146,776,1068,1430,1118,991,1167,957,1300,1249,540
1147,1336,889,1218,1091,1175,1158,1256,1060,1334,1021,949,1032,1032,1306,1515,361
1432,1255,942,1005,899,1324,1177,1148,1107,1428,1294,984,981,907,1279,1300,485
1162,1528,695,1094,973,906,1443,1268,1041,1454,1090,932,1002,959,1233,1482,297
1263,1405,600,1194,1073,1313,1349,1060,1094,1438,970,1144,883,1059,1358,1327,143
1124,1441,788,1178,1074,1630,1217,822,1100,1550,1091,1031,975,1057,1249,1227,472
1594,1443,1173,1004,1106,887,1124,802,992,1459,1051,1073,1093,946,1125,1537,390
1629,1603,937,1113,1064,1037,1059,699,1063,1601,1012,1160,854,936,1228,1402,991
986,1184,657,1417,1257,1652,1199,715,1070,1579,1012,1082,1062,969,1171,1335,540
1077,1294,592,1148,1019,1467,1382,1239,1123,1467,1131,1075,869,995,1322,1298,485
1047,1299,591,1306,1084,1465,1431,922,1130,1423,1081,1087,905,1065,1325,1264,143
997,1213,609,1225,1177,1521,1390,1123,1115,1472,999,1107,879,1001,1355,1352,361
889,1516,627,1257,1108,1142,1484,1207,1110,1503,1031,1068,928,1007,1305,1312,297
907,1384,882,1224,1026,1620,1155,912,1107,1427,1148,1055,1108,1016,1259,1160,472
1203,1196,978,1198,1098,1351,1248,894,1079,1473,1091,1059,1064,1008,1312,1194,390
1203,1424,909,989,1122,1121,1383,1129,1027,1322,1186,995,1063,958,1240,1489,361
1505,1264,1086,1216,1114,1076,1028,893,1130,1415,960,1072,1025,974,1373,1331,991
1092,1269,868,834,1014,1473,1314,1394,1112,1332,1295,1081,885,1017,1365,1193,485
1026,1409,696,1060,1164,989,1498,1413,1089,1386,1198,951,985,971,1190,1510,297
1219,1263,807,1072,1089,1308,1378,1024,1088,1402,1099,1005,913,1066,1298,1409,143
1317,1512,720,1089,1145,1339,1231,805,1053,1471,1266,972,984,1015,1224,1295,390
1072,1560,700,1137,981,1309,1402,1000,1061,1383,1163,936,1130,1040,1237,1330,472
737,1203,647,1356,1360,1703,1335,891,1066,1557,1156,1121,1082,907,1358,1033,540
1013,1458,560,1055,1214,1339,1381,1034,1038,1456,1204,993,950,986,1306,1347,361
1713,1551,965,962,1145,659,1353,880,971,1540,902,1199,840,1017,1198,1567,991
1202,1513,837,1102,1020,1337,1273,872,1079,1396,1083,1127,1058,1027,1173,1337,472
1048,1119,701,944,1010,1202,1645,1426,1089,1322,1004,1036,875,1100,1307,1431,297
1138,1176,811,936,1026,1365,1300,1429,1061,1356,1236,1027,938,1027,1212,1416,485
1455,1258,954,956,1020,1302,1226,1031,1048,1309,975,1040,992,1091,1252,1555,143
1274,1417,673,1114,1159,1132,1386,1093,1084,1485,1063,1047,963,945,1262,1422,361
1522,1669,942,910,979,787,1303,975,1014,1450,1106,1046,978,1075,1186,1421,390
1062,1381,746,1326,1238,1390,1177,850,1079,1526,1020,1144,1058,889,1293,1261,540
1090,1190,815,1108,985,1493,1230,1369,1078,1435,1348,1058,1001,1027,1211,1122,485
1325,1744,627,1192,980,870,1241,1023,1067,1397,925,1107,907,1144,1216,1514,991
1039,1710,810,1137,1038,1288,1160,995,1117,1414,1256,1022,1120,1027,1166,1158,472
1096,1435,585,1281,967,1250,1339,1327,1090,1439,1050,977,1029,955,1257,1483,297
1146,1543,601,1160,1053,1383,1529,839,1010,1475,1203,1044,920,1045,1279,1304,143
1034,1688,666,979,1043,868,1568,1228,1155,1464,1167,995,969,911,1219,1400,361
1053,1176,566,1243,1021,1544,1188,1435,1025,1422,1177,1046,946,1003,1285,1376,485
1556,1370,996,1007,933,993,1145,1269,1036,1367,1339,981,1230,930,1161,1236,390
1035,1487,674,1126,985,1067,1535,1194,1097,1458,1022,1032,895,1018,1236,1515,297
1004,1558,873,1136,970,1412,1292,876,1116,1505,1173,1030,1018,1036,1243,1159,472
1261,1115,629,1183,928,1691,1258,1101,1136,1450,1173,1052,985,888,1346,1234,143
1035,1262,546,1131,973,1319,1411,1542,1067,1382,1250,983,916,983,1252,1447,485
1108,1024,618,1033,1263,1332,1367,1427,1052,1408,1168,976,1031,920,1253,1414,361
1425,1594,1045,1207,878,828,1206,793,1043,1433,1007,1066,988,1003,1191,1495,991
1419,1131,737,1071,1010,1065,1450,1281,1074,1406,1101,903,943,1012,1258,1575,390
766,1000,575,1445,1207,1686,1336,1197,1117,1533,990,964,1172,956,1307,1241,540
946,1111,789,1174,1102,1257,1493,1408,1090,1330,933,974,1025,1025,1351,1552,361
1100,1075,440,1128,1008,1316,1481,1505,1070,1397,1005,917,889,966,1288,1629,297
1158,1050,861,1142,996,1310,1293,1437,1119,1350,1114,1011,947,1055,1349,1334,485
818,1095,734,1412,1328,1498,1250,1145,1076,1506,972,1046,1144,943,1336,1257,540
1551,1328,845,1317,917,917,1168,1109,1072,1405,938,1043,981,978,1309,1545,991
1170,1240,967,1262,967,1360,1034,1086,1107,1466,1227,939,1168,865,1211,1297,472
1202,993,744,1327,1116,1304,1342,1189,1056,1360,944,1024,999,1055,1303,1529,143
1201,1269,873,1187,1100,1147,1234,1249,1064,1471,1086,969,1099,932,1254,1405,390
1047,1227,725,1267,1047,1266,1399,1233,1115,1539,975,1020,910,933,1276,1500,297
1216,1246,491,1277,971,1408,1433,1171,1069,1278,1010,1141,909,1140,1287,1446,143
955,1132,714,1232,1074,1347,1328,1256,1046,1524,1133,1045,1042,931,1227,1332,485
1111,1486,805,1108,1085,1232,1301,1137,1080,1418,1051,1048,1068,917,1310,1388,361
986,1249,572,1407,1306,1500,1172,892,993,1464,1085,1094,1251,909,1189,1295,540
1001,1288,714,1263,1030,1536,1227,1175,1081,1372,1165,1038,1086,1087,1294,1157,472
1072,1203,690,1148,1109,1340,1232,1297,1035,1387,1135,1183,894,1031,1405,1210,485
1606,1421,876,1166,927,977,1159,1004,1005,1359,1082,1028,1089,980,1119,1577,991
1025,1086,614,1172,972,1386,1569,1372,1107,1403,909,1040,875,958,1281,1569,297
1030,1262,852,934,1331,1222,1278,1307,1042,1433,1038,1133,977,976,1336,1345,361
1513,1509,947,1019,998,983,1280,968,1080,1440,1101,998,1036,916,1177,1532,390
1161,1250,627,1246,1164,1447,1315,1052,1059,1418,1070,1158,889,1046,1398,1242,143
911,1213,788,1273,1315,1540,1211,1013,1022,1402,1094,1037,1191,977,1337,1220,540
1184,1280,789,965,1040,1174,1376,1370,1118,1318,1399,1017,1053,975,1273,1127,485
1576,1551,1028,1081,1113,784,1157,843,1107,1482,1033,1123,926,970,1247,1392,991
1010,1423,789,1083,1015,926,1511,1319,1135,1384,1068,972,1013,974,1285,1449,297
1161,1494,733,1079,1021,1119,1520,1137,1101,1414,1017,1045,848,1127,1334,1394,361
1003,1457,834,1099,974,1395,1390,1091,1106,1316,1302,964,1228,990,1206,1168,472
1574,1609,807,1067,991,1231,1037,926,1046,1385,1232,1011,1034,1051,1184,1319,390
1595,1323,865,1058,1066,1060,1254,883,1117,1305,1141,1087,931,1057,1325,1317,143
787,1235,440,1366,1222,1621,1409,1109,1068,1499,1075,1040,1013,946,1239,1400,540
1503,1539,757,1168,1114,969,1195,915,1042,1493,1121,984,1008,924,1238,1470,991
941,1022,592,1138,1209,1535,1346,1367,1096,1451,1281,988,940,929,1264,1331,485
1039,1347,715,1073,1000,1481,1370,1175,1171,1400,1295,1006,1025,1043,1306,1034,472
1402,1035,723,1394,1018,1508,1329,657,1109,1399,1050,1111,871,1077,1279,1384,143
1498,1119,710,1037,1132,1226,1320,1072,1110,1503,1171,1102,992,958,1260,1184,390
1108,1423,575,1048,1137,1076,1526,1387,1094,1347,1118,911,1074,983,1251,1449,361
1101,1483,434,1082,1164,1100,1562,1239,1112,1473,1143,887,955,944,1276,1394,297
874,1337,572,1462,1060,1720,1161,903,1175,1462,1184,1018,1037,947,1383,1074,540
1564,1461,785,1282,975,1072,1074,858,1079,1413,1019,1082,934,1022,1317,1393,991
1148,1307,626,1136,1367,1505,1348,792,1057,1443,951,1095,930,1042,1475,1287,143
1153,1180,506,1041,1155,1035,1624,1391,1042,1425,1013,980,919,994,1322,1585,297
828,1218,590,1157,1297,1435,1493,1220,1048,1474,952,1028,1089,871,1332,1486,361
1075,1134,575,1168,937,1548,1402,1343,1084,1554,1235,1053,919,992,1340,1103,485
911,1347,606,1333,1244,1376,1455,901,1082,1447,1039,1016,1162,901,1320,1313,540
1620,1474,853,1131,1078,1041,1229,757,1046,1454,876,1125,947,1057,1316,1459,991
920,1574,637,1194,1177,1547,1305,764,1092,1534,1091,1045,1062,1015,1276,1165,472
1401,1337,1013,994,1169,1097,1309,869,1087,1532,967,992,963,1006,1295,1438,390
1129,1145,632,1107,1144,1103,1525,1373,1108,1462,1004,959,1035,873,1279,1560,297
1099,1213,744,978,1057,1396,1336,1356,1067,1414,1220,1017,1058,921,1193,1390,485
1047,1224,679,1275,1290,1459,1283,1023,1003,1417,1088,1059,1201,938,1295,1279,540
1020,1220,537,1197,1176,1483,1534,964,1180,1434,936,1028,882,1025,1294,1501,143
1074,1336,740,1026,1172,1069,1538,1282,1077,1428,987,1000,1080,909,1243,1556,361
886,1307,743,1012,1109,1659,1340,1006,1138,1345,1241,956,1114,943,1364,1179,472
1465,1404,813,1091,1139,1092,1233,1002,1114,1379,1219,832,1235,854,1182,1465,390
1192,1153,651,1153,1194,1222,1460,1255,1119,1323,1097,843,1101,859,1229,1590,297
1115,1112,752,1104,1149,1449,1512,1059,1030,1322,903,1080,1012,1042,1348,1486,143
1541,1344,828,980,1232,1073,1234,933,1046,1390,1003,1049,1085,871,1305,1495,991
1173,1136,673,1241,866,1663,1240,1232,1130,1301,1339,992,1066,924,1262,1266,485
1113,1536,695,1252,1075,1483,1130,947,1074,1418,1347,1002,1153,1050,1148,1088,472
982,1413,666,1030,1330,1241,1466,1071,1067,1477,1145,1101,887,959,1369,1275,361
1167,1435,595,1100,1032,1104,1579,1208,1015,1345,1111,960,1005,1080,1200,1557,297
1036,1422,716,1449,1028,1500,1145,912,1096,1247,1103,980,1389,907,1161,1397,540
1498,1487,759,1238,1054,899,1135,1085,1003,1430,1063,1136,923,988,1164,1547,991
1575,1453,650,1099,974,1060,1365,1056,1112,1365,1111,960,1051,1097,1261,1323,390
1036,1163,520,1252,1169,1505,1510,1064,1062,1350,993,1132,936,1083,1327,1397,143
1119,1312,586,1235,939,1368,1394,1265,1078,1497,1256,1123,907,1000,1323,1096,485
885,1721,640,1260,999,1273,1412,770,1078,1505,1257,1013,1191,948,1224,1064,472
942,1218,809,1443,1278,1491,1205,700,1081,1513,981,1099,1160,980,1281,1185,540
1061,1285,640,1336,1158,1279,1440,1081,1109,1419,989,1069,1043,904,1280,1467,297
852,1235,801,1284,1285,1322,1427,1056,1096,1407,977,1044,1154,927,1264,1411,361
1700,1278,1127,1066,1169,883,1180,759,962,1446,907,1063,929,1159,1263,1533,991
1048,1326,627,1169,1418,1276,1322,1056,1096,1404,928,1141,950,1046,1409,1306,143
1583,1147,833,1090,1088,1222,1262,1008,1069,1450,1094,1053,927,1011,1284,1392,390
1156,1539,552,1135,1221,1275,1422,895,994,1503,912,1128,876,1025,1278,1558,361
1174,1280,490,1109,1141,1639,1074,1294,1084,1458,1051,1106,875,1048,1397,1261,485
1635,1442,877,1036,1064,1003,1205,865,970,1520,1013,1170,856,1035,1138,1564,991
1079,1322,581,1040,1222,1258,1562,1152,1092,1426,947,1070,861,1117,1383,1384,297
1225,1489,645,1211,1060,1495,1141,985,1084,1490,1102,1027,1044,1100,1267,1166,472
878,1348,534,1459,1346,1513,1382,820,1053,1433,951,1104,1183,1004,1421,1131,540
1086,1584,494,1151,1096,1435,1472,894,1039,1508,992,1175,772,1099,1337,1358,143
1054,1290,750,1042,1271,929,1427,1212,1111,1255,922,1047,1189,943,1308,1495,361
1524,1472,753,1279,1078,1011,1188,664,1080,1398,1057,1180,890,1030,1219,1426,991
1224,914,693,1148,1053,1344,1406,1498,1072,1402,1120,1131,1002,965,1370,1218,485
941,1397,494,1489,1312,1482,1286,862,1102,1497,1064,1169,1008,1003,1302,1135,540
918,1458,584,1231,1048,1230,1620,1174,1182,1418,1035,1076,900,993,1314,1362,297
1027,1251,559,1296,1125,1519,1607,866,1046,1289,1000,1124,916,1116,1378,1411,143
1516,1295,708,1296,996,1159,1251,1024,1116,1370,1057,1098,1026,987,1336,1290,390
1058,1467,639,1386,1084,1336,1230,969,1120,1415,1197,1098,964,1024,1300,1162,472
837,1169,584,1439,1091,1731,1254,841,1133,1397,878,1075,1097,1049,1396,1255,540
1200,1174,577,1219,1223,1230,1401,1110,1082,1402,956,1072,936,993,1320,1519,361
949,887,704,1267,1070,1727,1239,1273,1126,1428,1010,1115,905,1065,1434,1197,485
1387,1324,716,1276,1010,1219,1234,771,1088,1394,854,1109,929,1086,1324,1463,991
982,1445,538,1252,1036,1065,1590,1362,1018,1351,1040,923,1083,972,1235,1565,297
855,1289,919,1203,1125,1670,1029,1101,1059,1296,1264,1084,1242,1017,1163,1155,472
1028,1408,627,1175,1113,1289,1591,1026,1075,1392,1080,973,998,1005,1288,1469,143
797,1226,777,1420,1223,1665,1053,1022,1062,1388,1225,1053,1267,999,1208,1078,540
1161,1287,490,995,1177,1286,1458,1276,1059,1301,1043,1121,910,1058,1401,1367,485
1351,1505,831,1059,1082,958,1357,1084,1076,1357,1141,910,1154,933,1184,1463,390
1028,1525,419,1119,1173,1160,1549,1221,1080,1321,1026,1034,955,1100,1344,1374,361
1044,1426,551,1237,1024,1580,1411,885,1101,1492,1069,1079,1140,1103,1168,1128,472
1053,1608,505,1099,1059,1127,1350,1354,1048,1337,1163,1090,1030,1061,1174,1377,297
1164,1501,443,1254,1144,1429,1358,875,1063,1479,1069,1091,936,1128,1232,1282,143
1170,1299,640,1314,1251,1602,1095,725,1073,1502,1070,1074,1112,1038,1239,1172,540
1662,1742,800,1024,1002,897,1065,899,977,1390,1083,1155,955,1027,1281,1412,991
1070,1468,829,1216,946,1341,1182,1117,1167,1457,1190,929,1059,1018,1221,1239,472
972,1150,700,1094,1238,1135,1512,1409,1139,1393,912,908,1121,1037,1179,1535,361
1459,1099,893,1039,975,1281,1240,1252,1097,1571,1079,960,1103,1016,1149,1286,390
962,1018,599,1032,1105,1600,1319,1359,1123,1566,1126,1046,977,1007,1245,1133,485
1027,1421,734,1221,963,1102,1420,1362,1117,1434,1124,902,1038,972,1225,1468,297
1147,1272,792,1125,844,1634,1098,1321,1094,1422,1387,988,1013,1003,1262,1111,485
1316,1172,760,1130,1024,1365,1336,1177,1096,1481,1059,1002,927,1045,1334,1336,143
1038,1446,781,1195,942,1493,1168,1179,1115,1316,1286,941,1264,1004,1248,1106,472
1133,1363,670,962,1018,1336,1295,1278,1064,1397,1189,1056,947,1009,1353,1265,361
997,1169,631,1474,1064,1511,1236,1080,1172,1369,1100,924,1321,1004,1272,1118,540
1352,1173,821,1061,943,1476,1214,1232,1060,1464,1257,1040,1050,980,1236,1193,390
1032,1244,611,1021,1184,1059,1660,1431,1122,1420,1065,901,930,925,1372,1545,297
1621,1503,882,1237,1120,857,1080,980,1118,1380,989,1020,1113,996,1295,1366,991
892,1347,550,1361,983,1557,1404,1092,1114,1397,853,1071,992,978,1304,1541,143
932,1124,542,1115,1167,1562,1332,1313,1100,1415,1212,985,983,937,1361,1287,485
739,1614,622,1329,1133,1189,1519,1097,1107,1441,1046,951,1029,959,1428,1319,361
775,1332,662,1447,1125,1423,1340,1005,1064,1417,1107,933,1188,937,1334,1300,540
1392,1540,702,1177,833,1010,1394,1095,1095,1425,1062,963,928,964,1353,1490,390
1229,1294,531,1235,842,1041,1558,1453,1107,1388,1114,1083,858,948,1267,1500,297
840,1533,819,1314,1002,1368,1284,1080,1040,1413,1189,922,1260,988,1234,1234,472
1426,1368,883,1110,972,946,1238,1076,1046,1449,987,1098,897,963,1309,1494,991
1163,1300,702,1064,992,1371,1336,1307,1002,1525,1049,1123,902,976,1323,1338,485
1071,1570,505,964,1032,1147,1643,1181,999,1507,961,1100,950,999,1338,1426,361
1346,1126,629,1070,1031,1551,1456,970,1128,1577,953,1114,714,973,1410,1361,143
831,1375,496,1227,1118,1710,1359,951,972,1436,1181,1058,1130,1029,1265,1209,540
1409,1336,895,1146,902,1262,1233,902,1061,1355,1293,897,1247,921,1163,1343,390
998,1484,670,1117,927,1144,1540,1200,1140,1356,1123,883,1134,958,1264,1422,297
1150,1012,568,1036,1282,1432,1393,1248,1073,1499,1185,1123,832,1102,1409,1057,485
1207,1564,591,1156,922,1316,1399,915,1115,1457,1219,944,1088,943,1279,1223,472
1493,1181,933,966,1171,1216,1174,906,987,1490,1050,1118,825,1112,1229,1446,991
1003,1237,726,1322,1277,1287,1266,1153,1148,1370,995,1060,1172,915,1409,1211,540
1078,1198,763,1038,1264,1045,1487,1362,1056,1254,1022,1020,1128,988,1278,1497,361
1313,1298,683,1128,1097,1172,1417,1045,1150,1300,934,1072,951,1049,1390,1434,143
1261,1370,779,1058,1050,1185,1244,1196,1084,1285,1008,1023,1185,1001,1360,1334,390
1151,1116,617,1064,1212,1290,1308,1506,1025,1437,1242,1071,979,1010,1254,1262,485
1241,1358,741,951,1185,901,1453,1419,1104,1269,951,1003,1017,1014,1374,1480,297
911,1175,626,1251,1475,1606,1264,830,1059,1473,1040,1018,1167,1062,1198,1263,472
932,1194,707,1204,1214,1112,1377,1469,1040,1396,1111,1000,1003,1001,1322,1407,361
1349,1180,775,1137,883,1427,1119,1239,1095,1314,1228,1047,1056,1001,1311,1228,485
1132,1417,670,1322,996,1327,1152,1233,1122,1339,1158,989,978,1020,1369,1305,143
776,1368,625,1461,1157,1535,1201,1127,1096,1389,1185,1025,1240,934,1337,1074,540
1440,1451,769,1244,1031,1057,1073,1162,1041,1395,1216,1043,1048,1015,1300,1222,390
1638,1559,868,1197,886,935,993,961,1071,1304,1064,1007,1057,1082,1285,1410,991
1218,1296,730,1113,1145,1390,1194,1194,1074,1545,1201,1054,975,961,1285,1185,485
893,1338,743,1251,989,1528,1238,1112,1143,1352,1220,971,1182,979,1193,1240,472
1262,1175,799,1182,1110,1465,1268,965,1070,1498,965,1102,930,998,1333,1384,143
955,1114,780,1389,1278,1591,1220,813,1051,1631,958,1006,1116,991,1288,1238,540
1154,1414,495,1184,1319,1052,1527,1124,1088,1488,1034,1015,1003,937,1335,1367,361
1706,1262,934,1045,1044,928,1155,951,1031,1502,1057,1102,914,1029,1254,1391,991
1201,1123,602,997,1029,1092,1550,1477,1059,1416,979,1008,934,991,1334,1464,297
1050,947,674,1179,1250,1557,1290,1333,1090,1599,1115,1077,1017,918,1336,1120,485
1476,1236,1025,1122,999,1284,1040,1039,1085,1479,1126,995,1038,949,1203,1405,390
934,1318,648,1230,1371,1493,1380,905,1117,1490,948,1065,1105,940,1390,1225,540
1238,1128,576,1276,1177,1532,1365,895,1164,1483,869,1068,947,971,1468,1310,143
950,1217,671,1246,1230,1583,1392,947,1101,1497,990,1086,1157,928,1347,1173,472
941,1347,513,1141,1260,1210,1549,1294,1110,1464,976,994,1017,868,1341,1510,361
1203,1496,614,1175,956,1421,1296,1051,1126,1407,1020,1107,1024,976,1307,1313,297
1262,1263,694,1104,892,1592,1184,1256,1141,1445,1207,1123,951,975,1317,1121,485
958,1377,583,1292,1043,1582,1505,860,1141,1453,1070,976,975,1030,1334,1301,143
1504,1475,919,1107,1034,1196,949,1009,1092,1280,1109,1051,1171,928,1283,1366,390
1282,1364,840,1284,1226,1112,1169,950,1073,1502,998,1041,1022,928,1216,1500,991
768,1479,445,1177,986,1744,1401,878,1201,1501,1182,1038,912,1048,1287,1111,472
1038,1423,657,1004,1076,1397,1413,1131,1057,1430,1058,1018,941,1092,1238,1405,361
821,1351,683,1506,1043,1554,1348,888,1106,1479,1142,851,1318,859,1273,1252,540
1572,1540,984,984,1099,990,1162,765,995,1433,1065,1033,1080,987,1149,1488,991
1418,1601,746,1253,1187,1087,1097,842,977,1423,1110,1031,1032,1068,1146,1439,143
1542,1643,963,1069,1042,915,1186,694,1033,1467,1169,936,1180,908,1122,1465,390
1057,1428,609,1182,1000,1199,1360,1440,1079,1399,1110,969,965,1080,1165,1490,297
1271,1357,857,1138,1038,1334,960,1205,1032,1427,1154,1044,959,1015,1216,1433,485
1002,1362,1022,1043,1148,1442,1242,1014,1051,1357,1274,954,1215,950,1185,1294,472
1068,1568,751,1092,1181,1069,1314,1156,1023,1389,1218,955,1171,914,1149,1461,361
945,1504,726,1380,1112,1522,1212,843,1082,1471,1273,983,1228,853,1159,1207,540
1384,1385,781,1100,1106,884,1418,1049,992,1482,1101,1010,1028,973,1235,1459,991
881,1469,568,1185,1035,1429,1488,1200,1052,1464,1014,952,1141,942,1254,1461,297
842,1561,649,1399,1024,1583,1098,875,1080,1402,1136,957,1309,871,1243,1282,472
1063,1198,536,1100,1054,1556,1346,1228,1100,1522,1241,1067,957,931,1276,1186,485
1043,1450,580,1260,958,1578,1363,894,1144,1436,1080,1017,983,987,1295,1338,143
1523,1595,722,1247,971,1011,1231,904,1105,1636,1085,1086,874,851,1193,1450,991
1350,1595,650,1138,817,1471,1211,996,1078,1468,1183,1026,1026,1012,1178,1309,390
1073,1443,695,1425,1073,1549,1080,812,1061,1438,1092,1037,1248,937,1243,1224,540
1362,1499,567,1153,1091,1327,1315,888,1050,1457,1081,1072,973,987,1240,1420,143
1131,1451,666,1310,935,1549,1170,1025,1115,1343,1247,984,1177,1033,1288,1093,472
1238,1364,557,1098,905,1553,1200,1262,1083,1397,1344,1069,1033,936,1271,1147,485
1076,1535,471,1276,889,1295,1393,1229,1085,1325,1042,1018,1086,993,1298,1433,297
1601,1495,984,1107,949,902,1072,1030,1025,1527,958,1113,847,968,1225,1530,991
1024,1665,672,1166,1230,1299,1233,891,1023,1380,1036,947,1135,879,1282,1581,361
1335,1403,690,1297,1147,1391,1238,717,1075,1436,1165,1136,908,1058,1229,1273,143
935,1194,641,1303,1044,1713,1256,1113,1050,1454,1075,1055,1046,1009,1296,1295,540
1252,1448,900,1340,1023,1252,1188,670,1039,1418,1137,1095,1167,1038,1195,1191,472
1309,1259,609,1211,1070,1375,1269,1122,1053,1443,1266,1121,907,1010,1332,1148,485
929,1511,700,1083,1175,1157,1544,1003,1066,1586,1031,1028,1041,1016,1271,1231,361
960,1450,540,1014,1292,1149,1519,1293,1081,1494,1129,1009,880,884,1386,1417,297
1300,1525,854,1212,1124,1199,1237,743,1015,1575,1032,1073,904,987,1354,1299,991
1115,1442,762,1210,1152,1406,1185,933,1118,1559,1009,983,1033,949,1259,1370,143
1570,1358,697,899,1042,1112,1371,1231,1010,1441,1190,1042,946,1044,1232,1375,390
988,1217,753,1387,1073,1563,1149,1110,1104,1413,1150,942,1135,1031,1262,1243,472
1098,1353,729,1422,1121,1528,1155,874,1071,1515,1056,975,1137,1046,1287,1193,540
1038,1328,731,1138,1309,1252,1400,1031,1151,1386,953,993,988,1046,1381,1382,361
1130,1339,643,1016,1191,1125,1346,1365,1088,1508,1233,989,956,892,1288,1326,485
1220,1225,543,1257,1073,1503,1431,968,1126,1466,956,1033,918,1099,1377,1305,143
878,1424,531,1452,1095,1560,1254,959,1153,1370,1039,974,1223,959,1308,1254,540
975,1480,684,1177,978,1605,1351,975,1206,1314,1115,953,1132,1054,1273,1233,472
1373,1505,860,1193,1175,1094,1184,825,1084,1584,1010,1068,910,1026,1259,1339,991
1333,1401,676,1170,1102,1128,1330,910,1106,1546,993,1018,989,1061,1307,1260,390
1141,1456,586,1155,1162,1169,1442,1169,1118,1458,1022,995,915,1018,1321,1425,297
996,877,629,1168,1063,1732,1393,1269,991,1415,1197,1086,1062,1067,1291,1171,485
973,1249,599,1176,906,1335,1604,1343,1091,1359,909,1076,997,1091,1372,1385,361
984,1372,539,1324,1144,1552,1263,896,1113,1384,1087,1036,1022,1065,1309,1264,143
1601,1331,971,1166,897,1234,1304,776,1073,1588,1162,996,1120,894,1122,1287,390
1044,1436,690,1291,1244,1505,1142,899,1097,1450,1218,1024,1146,950,1155,1240,540
1088,1657,739,1174,991,1501,1122,937,1101,1419,1273,1034,1120,935,1222,1176,472
1628,1534,994,1077,975,1066,1059,904,1035,1468,1057,1149,893,946,1223,1509,991
1326,1421,760,1155,935,1057,1527,1053,1065,1515,1117,909,1069,930,1221,1454,297
1243,1184,906,1142,891,1448,1423,998,1079,1560,1282,1083,954,923,1248,1124,485
1122,1349,795,1278,1004,1420,1100,995,1050,1484,1112,1015,1162,942,1221,1294,472
1007,1379,663,1384,1056,1668,1303,792,1033,1642,947,1136,1048,949,1318,1207,540
1479,1440,814,1116,1066,1142,1263,905,966,1595,1078,1088,908,966,1258,1406,991
1270,1133,583,1066,1204,1409,1223,1315,1117,1502,1286,1124,749,1019,1388,1095,485
1295,1364,534,1179,1112,1082,1390,1256,1056,1447,1210,1053,781,1033,1328,1372,297
1245,1494,632,1285,927,1423,1324,949,1146,1511,1094,1108,894,1008,1265,1236,143
1036,1233,835,1122,1250,1174,1313,1317,1082,1477,1015,1084,948,996,1281,1379,361
1434,1480,814,1171,1097,1313,1156,815,1071,1539,1158,1101,1043,1023,1209,1136,390
1084,1324,626,1267,1176,1313,1378,1081,1157,1527,1002,945,1112,941,1215,1381,540
778,1387,666,1195,1280,1462,1280,1010,1131,1362,1063,1007,1112,1003,1307,1285,472
1458,1450,737,1079,936,699,1472,1092,1165,1415,921,995,968,945,1256,1615,991
1332,1383,748,1108,952,899,1535,1121,1105,1473,919,1013,1059,974,1264,1455,297
1131,1265,660,970,893,1187,1474,1571,1203,1319,1170,1035,942,980,1342,1286,485
1261,1471,871,1079,1179,831,1504,1024,1112,1479,986,1023,994,913,1219,1501,361
1425,1535,822,1257,994,1149,1288,660,1188,1456,877,1077,975,971,1308,1428,143
1060,1391,784,1112,993,1448,1210,1222,1077,1372,1256,948,1234,954,1176,1263,472
1465,1465,760,1086,1009,1307,1207,974,1064,1491,1089,991,1126,952,1233,1334,390
1119,1336,633,1330,1182,1490,1236,936,1024,1416,1122,1007,1244,915,1293,1259,540
1604,1314,885,958,1156,917,1211,1117,991,1468,1086,1057,1010,975,1169,1506,991
1315,1310,669,945,1168,1021,1360,1435,1063,1321,1193,941,1135,932,1194,1501,297
1090,1262,614,1187,991,1618,1044,1398,1034,1369,1272,1079,1072,868,1256,1330,485
946,1163,524,1303,1048,1737,1375,1045,1102,1332,1004,1125,982,1077,1374,1284,143
955,1498,478,1220,1141,1434,1449,1088,1079,1368,1025,1100,1018,1081,1368,1226,361
1568,1447,941,1243,1022,1117,1047,885,991,1507,1142,1049,1147,918,1194,1332,390
1127,1493,823,1373,944,1503,1064,900,1090,1393,1155,1018,1178,1025,1237,1184,472
1475,1406,855,1330,1128,1086,1163,720,1082,1417,996,1127,998,1029,1351,1280,991
891,1257,553,1356,1180,1245,1476,1211,1115,1542,912,1021,1012,1028,1306,1344,297
1060,1131,811,1384,1264,1524,1238,784,1021,1413,1050,1079,1187,1032,1270,1228,540
1018,1435,756,1060,1124,1058,1419,1356,1103,1374,1141,1009,1000,1008,1237,1408,361
1325,1451,727,1092,1197,1178,1178,934,1031,1419,984,1156,984,1127,1250,1329,143
1052,1435,741,1233,1050,1426,1233,973,1032,1298,1115,1078,1179,1111,1225,1242,472
1541,1299,811,937,912,1215,1308,1179,1118,1428,1239,1057,998,940,1184,1316,390
1168,1301,688,1201,1012,1178,1478,1254,1068,1391,999,1047,959,1076,1296,1426,297
1363,1126,649,1039,974,1612,1085,1366,1026,1352,1371,1038,1034,989,1198,1272,485
953,1304,830,1297,1234,1569,1275,818,1025,1452,992,1064,1125,1085,1373,1164,540
1326,1304,716,1138,1031,1319,1210,1160,1107,1330,1111,973,1146,938,1232,1443,361
876,1499,739,1291,1141,1324,1201,1020,1112,1370,1114,1004,1205,1008,1260,1207,472
1020,1299,442,1440,1052,1597,1352,920,1169,1317,934,1119,1017,1076,1342,1306,143
1039,1247,445,1017,983,1627,1363,1492,1143,1436,1196,1013,827,996,1408,1261,485
1007,1238,454,1096,952,1476,1522,1441,1155,1376,1122,966,908,987,1379,1387,297
1578,1357,940,1205,905,967,1172,1004,970,1487,1037,1138,941,1069,1195,1438,991
1258,1309,728,1232,966,1386,1254,1078,1155,1418,1158,1047,1117,929,1289,1167,390
838,1127,439,1354,1170,1744,1234,1198,1150,1499,1118,1045,1060,966,1292,1150,540
1275,1568,690,1319,918,1375,1135,908,1158,1435,1343,1099,1015,911,1315,1004,472
1060,1514,669,1139,967,1137,1350,1209,1095,1459,1049,1112,1014,929,1297,1325,297
799,1239,532,1280,1294,1399,1406,1245,1113,1348,972,1056,1072,1001,1386,1332,361
1152,1310,708,1144,1060,1400,1199,1269,1073,1466,1206,1095,982,908,1329,1221,485
1196,1380,774,1262,997,1414,1267,973,1031,1430,1047,1149,956,1072,1248,1347,143
1536,1744,803,1237,913,832,1078,901,1040,1515,1081,1026,985,938,1200,1476,991
858,1152,615,1292,1161,1283,1572,1347,1023,1456,842,1044,962,1065,1275,1613,297
884,1623,554,1422,1112,1536,1103,848,1089,1490,1111,1071,1116,997,1300,1106,540
1063,1247,645,1069,1111,1198,1461,1476,1110,1402,1108,1031,935,935,1421,1338,485
1516,1481,754,1123,1049,947,1361,1039,1111,1434,864,1053,930,1005,1304,1579,143
1381,1562,756,1181,911,1105,1248,1116,1045,1594,1141,986,1042,924,1226,1322,390
972,1460,633,1056,1289,1037,1572,1186,1114,1399,926,1038,941,943,1408,1499,361
1561,1364,987,1144,914,1017,1023,1111,1082,1312,883,1099,1001,1005,1341,1479,991
982,1402,753,1240,1097,1294,1296,1097,1093,1453,1013,1020,1160,912,1211,1418,472
1032,1335,888,1097,1057,1056,1490,1274,1056,1338,1031,955,1107,975,1315,1503,361
1159,1313,705,1090,1338,822,1499,1313,1019,1320,970,1035,1027,976,1335,1590,297
1350,1208,695,1146,1071,1055,1609,947,1151,1342,930,1007,923,1047,1379,1501,143
1145,1185,754,991,1234,1135,1427,1356,1081,1440,1143,1020,905,1029,1359,1303,485
1562,1313,1116,1046,991,889,1344,980,1068,1452,900,1000,1059,1019,1320,1462,390
1420,1455,974,1103,1057,926,1302,1043,1046,1548,989,1044,1031,894,1278,1429,991
1061,1645,757,1137,1168,1122,1359,969,1067,1542,1110,1023,1065,1117,1135,1221,472
1252,1582,595,1170,1034,1219,1368,984,1232,1512,928,942,858,1020,1461,1327,143
1154,1296,666,1212,1426,1240,1290,944,1039,1476,988,1064,1130,977,1321,1285,540
1188,1439,696,1039,1177,1156,1322,1263,1061,1459,1175,995,1010,904,1323,1347,361
1660,1308,1024,1256,936,1132,965,795,994,1609,958,1136,867,1060,1281,1375,991
1278,1432,784,1005,998,1291,1209,1120,1192,1565,1058,971,835,964,1464,1212,485
1009,1408,574,1109,1123,1094,1474,1412,1166,1449,1093,918,973,902,1266,1451,297
1575,1498,851,1148,851,1298,1042,956,1084,1557,1090,1059,900,1008,1283,1299,390
1409,1234,734,1258,981,1439,1054,1024,1026,1359,1090,1063,963,1071,1324,1384,143
1386,1456,648,1107,1111,976,1464,1035,1158,1470,833,1056,890,910,1302,1659,361
1108,1301,764,1331,1207,1635,1038,844,1027,1489,1101,1068,1085,1003,1335,1172,540
1259,1323,734,1280,965,1679,1042,895,1092,1391,1152,1009,1064,1073,1313,1186,472
1728,1355,1278,872,1031,766,1092,920,1049,1376,962,1035,916,1006,1266,1634,991
987,1377,443,1306,1066,1355,1534,911,1175,1417,901,1103,878,1033,1493,1276,143
973,1356,613,1327,1076,1391,1451,1074,1112,1410,858,1004,955,1054,1473,1377,361
1465,1258,791,1007,1023,1299,1348,1065,1067,1440,986,1022,1043,1013,1358,1351,390
1266,1165,723,1045,947,993,1527,1418,1024,1397,1019,948,1006,1027,1267,1587,297
1398,1183,790,940,918,1214,1199,1551,1034,1366,1260,1006,956,1002,1266,1390,485
1055,1557,801,1141,862,1512,1275,1077,1099,1357,1249,1030,1110,1099,1300,1036,472
1346,1334,1094,927,947,1046,1178,1348,1039,1359,1179,989,1113,958,1240,1403,390
1478,1478,1065,1095,996,977,954,1063,1013,1299,1107,1157,979,1068,1276,1381,991
1240,1401,641,1140,1041,1616,1151,978,1133,1370,1066,1130,891,1011,1318,1343,143
1159,1366,859,1315,1014,1369,1233,804,1160,1235,912,940,1177,1068,1497,1291,540
1245,1276,865,961,1028,1372,1216,1317,1189,1450,1083,1077,882,997,1450,1152,485
937,1518,636,1123,1156,1195,1432,1275,1116,1503,973,1106,860,1005,1428,1289,361
1082,1171,816,1011,970,1211,1436,1515,1049,1392,1073,970,1013,1005,1335,1443,297
1088,1539,804,1096,915,1477,1279,898,1149,1410,1059,1127,1007,1046,1337,1145,472
1693,1091,826,1036,1057,978,1332,1179,1143,1453,1175,986,1012,966,1355,1190,390
825,1388,613,1291,1226,1659,1297,912,1111,1496,1205,991,1187,987,1251,1026,540
1490,1620,882,1023,1064,998,1256,941,1062,1580,1091,1032,967,955,1268,1325,991
1185,1269,586,1139,876,1090,1458,1433,1141,1355,950,1098,845,977,1376,1501,297
979,1334,539,1147,1239,1521,1370,1042,1091,1486,1118,1045,989,992,1333,1226,143
1304,1439,938,1070,1011,1035,1413,1068,1066,1286,1087,950,1206,939,1232,1440,361
1164,1418,741,1043,853,1294,1445,1299,1108,1417,1142,1018,969,1012,1348,1266,472
1183,1356,693,1101,923,1445,1229,1227,995,1447,1288,1028,1049,968,1217,1288,485
1500,1381,1140,1219,993,1042,995,923,1015,1364,1123,915,1114,927,1130,1636,991
1023,1334,886,1321,1082,1379,1183,1034,1078,1337,1196,948,1245,926,1272,1278,540
1636,1310,1193,895,941,993,1183,1104,1055,1294,1278,928,1173,895,1196,1459,390
878,1361,844,958,1065,1184,1534,1303,1097,1412,1054,896,1034,942,1253,1582,361
1054,1172,1007,941,945,1423,1322,1400,1077,1348,1240,891,964,1046,1224,1490,485
1516,1667,978,1020,826,731,1249,1063,1080,1497,1159,970,1032,838,1236,1468,991
1016,1452,623,1179,1109,1459,1464,919,1132,1390,1043,1034,893,1075,1318,1395,143
1027,1254,995,1067,1095,1365,1355,1122,1082,1395,1056,929,1088,1038,1231,1461,472
1181,1473,802,1203,1067,1344,1168,967,1068,1417,1202,1015,1153,894,1262,1269,540
991,1203,676,1157,1009,1300,1457,1406,1073,1278,1156,825,1155,909,1198,1644,297
975,1258,614,1438,1156,1550,1200,921,1001,1470,997,1107,1185,964,1212,1344,540
1135,1399,649,1350,1080,1251,1042,1349,1049,1456,1183,1108,1028,956,1208,1292,485
1222,1162,528,1285,1204,1587,1131,960,1042,1474,980,1162,855,1084,1357,1326,143
1590,1520,879,1057,871,1196,1000,1093,1045,1434,1270,930,1032,875,1152,1438,390
1090,1382,795,1262,1091,1244,1262,1154,1108,1419,1039,1029,957,906,1306,1480,361
1567,1436,780,1155,1169,1174,1010,943,982,1527,953,1188,920,1065,1249,1396,991
1051,1311,665,1289,1149,1374,1314,1002,1036,1443,1099,1000,1042,997,1271,1392,143
1041,1316,827,1147,1063,1083,1381,1399,1050,1452,1022,939,961,977,1313,1521,297
962,1391,820,1331,1099,1632,1035,939,1081,1342,1269,1000,1314,976,1202,1096,472
1140,1166,879,1040,1075,1342,1205,1433,1066,1489,1332,979,1046,872,1181,1309,485
907,1427,728,1228,1316,1169,1357,1139,1072,1404,1013,958,1077,1026,1242,1488,361
1306,1133,878,1246,1192,1204,1243,948,1053,1477,957,1067,937,1007,1229,1553,991
867,1279,784,1375,1149,1591,1111,963,1044,1580,1083,959,1159,935,1212,1308,540
1361,1317,968,1083,1195,1042,1269,1045,1068,1503,1188,1004,1042,952,1206,1317,390
1271,1247,859,1109,965,1357,1424,940,1084,1411,977,1068,904,1108,1155,1482,143
1024,1327,650,1169,1169,1041,1517,1312,1124,1374,856,1071,979,945,1335,1483,297
1161,1296,619,1139,1212,1245,1379,1229,1101,1456,986,990,1048,893,1246,1518,361
724,1375,750,1315,1232,1424,1277,1086,1089,1484,1038,1034,1158,999,1297,1180,472
989,1294,563,1093,1135,993,1635,1490,1085,1426,942,989,997,908,1239,1637,297
1712,1525,815,1125,959,938,1248,844,1091,1498,945,1092,935,965,1141,1613,991
1133,1366,518,1346,1232,1471,1292,883,1143,1393,1030,936,1169,925,1205,1479,540
1149,1178,740,1114,1439,1114,1442,991,1059,1535,873,1149,873,966,1336,1475,143
1586,1388,776,1189,1165,1110,1105,961,1128,1285,984,961,1067,1001,1301,1548,390
783,1158,641,1215,1177,1490,1282,1474,1064,1438,1198,1151,1023,1039,1342,1025,485
1019,1511,672,1294,872,1290,1235,1269,1188,1280,1104,955,1109,957,1248,1406,472
1057,1461,702,1111,985,1011,1367,1532,1094,1262,943,882,1118,926,1239,1693,361
1095,1383,600,1179,912,1077,1544,1385,1158,1301,1091,974,1026,964,1388,1376,297
1536,1607,893,1192,921,933,1039,943,1086,1363,1138,1010,1055,982,1286,1360,991
920,1463,663,1328,1173,1615,1295,730,1161,1430,1118,1031,1159,1025,1309,1047,540
765,1366,526,1254,1161,1511,1508,838,1193,1397,912,1076,985,1022,1405,1290,143
1512,1457,759,1069,1009,1228,1167,1044,1094,1356,1027,951,1166,943,1264,1479,390
1309,1134,764,1008,951,1354,1350,1324,1091,1304,1217,1057,933,1033,1368,1277,485
1076,1543,637,973,962,1260,1603,1204,1063,1289,1084,1024,1069,1022,1226,1503,297
1319,1560,669,1053,1084,1085,1311,1091,1096,1296,1044,1007,1030,1015,1356,1393,361
1239,1730,634,1125,872,1366,1281,896,1096,1237,1195,1070,1124,1084,1256,1218,472
1382,1456,831,1011,1011,1300,1059,1121,1088,1431,1310,1070,1021,960,1138,1243,390
960,1245,636,1360,1263,1565,1234,938,1104,1440,975,1044,1118,1011,1301,1287,540
1572,1528,965,1092,969,1077,1115,910,1000,1474,1027,1045,962,993,1216,1538,991
1096,1285,607,1158,1188,1136,1393,1417,1062,1299,1124,990,1043,979,1245,1538,297
1240,1483,904,1109,911,1468,1171,990,1050,1338,1117,1107,1067,1046,1230,1325,472
1106,1461,654,1190,1071,1221,1394,1116,1150,1303,890,1045,949,1024,1347,1572,143
931,1180,703,1031,1142,1536,1239,1500,1050,1355,1300,1077,941,985,1270,1302,485
1219,1466,723,990,1029,1030,1478,1330,1188,1329,1008,972,953,960,1329,1534,361
1038,1523,615,1063,980,977,1468,1253,1076,1310,1211,867,1047,981,1171,1527,297
1592,1614,958,937,998,912,1168,881,1060,1349,1106,968,1006,957,1186,1558,991
1040,1356,827,1068,752,1535,1344,1125,1102,1488,1090,995,998,1088,1318,1201,472
982,1208,863,1092,924,1544,1312,1271,991,1484,1064,1042,940,1079,1312,1368,485
703,1547,636,1279,1275,1546,1334,911,1089,1492,1100,1071,1110,952,1326,1140,540
1222,1269,753,1176,883,1421,1350,1024,1087,1470,937,1080,811,1167,1393,1335,143
1095,1274,907,974,1059,1262,1348,1361,1060,1365,935,906,1020,1068,1237,1622,361
1430,1504,1032,995,947,1073,1137,1009,1065,1364,1243,952,1072,943,1210,1431,390
1066,1234,795,1119,1006,1366,1163,1507,1118,1319,1306,947,1184,967,1198,1240,485
1087,1339,894,1221,1122,1395,1098,1068,1104,1393,1206,930,1259,970,1295,1123,472
881,1282,604,1097,1126,1143,1609,1439,1072,1425,1075,918,1030,1027,1203,1463,297
764,1262,576,1391,1207,1592,1249,1151,1075,1284,1083,1013,1286,1072,1202,1211,540
1434,1253,1011,1128,1180,1052,1012,1097,1028,1396,1170,1016,1178,934,1225,1315,991
1247,1220,638,1125,1037,1359,1223,1431,1119,1477,1317,938,1040,914,1240,1235,485
988,1515,515,1085,1020,1314,1557,1286,1157,1487,1243,962,970,930,1415,1116,361
1312,1383,699,1008,909,1510,1184,1173,1123,1520,1264,944,1050,936,1255,1188,390
938,1508,743,1092,1032,1044,1418,1375,1133,1354,1203,980,1097,855,1256,1402,297
1316,1380,988,1207,993,949,1094,1053,1043,1375,856,1064,1066,930,1265,1587,991
1190,1500,573,1174,927,1522,1251,1074,1092,1237,1272,1029,943,1102,1221,1370,143
1024,1384,835,1270,1103,1420,1148,1091,1048,1391,1131,1000,1238,900,1277,1295,540
757,1489,718,1230,1229,1313,1386,1074,1057,1381,1045,1029,1079,974,1180,1501,361
1165,1369,777,1119,839,1343,1124,1385,1101,1397,1229,1023,957,961,1319,1293,485
1481,1467,962,1230,967,972,1005,967,993,1409,1067,1055,998,1093,1194,1450,991
922,1459,836,1211,1019,1382,1182,1160,1111,1369,1232,989,1237,914,1290,1138,472
1103,1224,692,1150,1037,1211,1430,1378,1114,1329,1038,987,977,1020,1224,1574,297
1472,1541,851,1205,876,1256,1036,917,1073,1312,1014,1043,1011,1015,1209,1525,390
1181,1218,608,1326,1138,1393,1264,1058,1018,1521,969,1107,892,1044,1233,1474,143
986,1274,709,1414,1254,1441,1211,936,1010,1501,944,1037,1161,947,1290,1390,540
1052,1260,620,1264,1060,1281,1347,1345,1056,1403,1039,1003,1082,954,1267,1476,297
948,1508,812,1194,1008,1493,1191,982,1081,1445,1052,1061,1177,1071,1180,1213,472
1355,1513,816,1117,1202,959,1206,964,1036,1453,925,1090,989,991,1228,1503,991
1226,1420,825,1181,1095,1007,1370,1115,1050,1310,957,1063,1006,984,1267,1614,361
1373,1445,866,1002,1009,987,1247,1255,1012,1406,1134,1133,925,1000,1326,1344,485
1296,1310,718,1247,974,1094,1386,1201,1062,1483,1050,1033,1143,960,1207,1342,390
1362,1148,574,1286,1071,1393,1406,1028,1038,1410,930,1108,984,1092,1301,1417,143
1534,1507,923,1053,1043,931,1115,858,1044,1366,1060,1057,1024,1015,1281,1433,991
1136,1332,635,1366,1093,1431,1147,960,1037,1410,1205,1036,1120,1017,1234,1221,540
1478,1444,531,1083,950,1337,1320,1104,1092,1400,1091,989,871,1013,1256,1521,297
1264,1556,734,1096,1083,1490,1173,779,1059,1406,1259,1053,1049,1029,1239,1186,472
1225,1286,844,1170,930,1335,1181,1239,1082,1413,1267,1036,933,975,1252,1322,485
1135,1410,815,1092,998,1275,1339,1102,1067,1421,1147,1055,931,985,1233,1441,361
1089,1278,622,1293,1143,1654,1271,867,1111,1460,1033,1100,1090,1006,1195,1255,540
1518,1425,989,1068,1079,1046,936,824,997,1387,1015,1098,992,953,1218,1510,991
1124,1543,798,1027,1172,995,1515,1034,1106,1493,1002,990,1009,958,1253,1463,297
1381,1223,665,1297,1109,1448,1228,917,1057,1401,926,1136,888,1021,1336,1515,143
1505,1400,862,1007,952,1197,1198,955,1033,1461,1186,1033,991,1037,1173,1358,390
1110,1265,793,1188,1138,1275,1307,1204,988,1279,1012,921,1094,1014,1188,1701,143
1078,1230,940,1240,1154,1301,1316,1000,1048,1287,888,956,1160,978,1381,1526,361
1200,959,831,1176,1025,1607,1312,1100,1076,1324,1127,1030,1139,985,1321,1278,485
835,1156,675,1355,908,1666,1465,1103,1133,1310,1111,1005,1218,991,1249,1263,472
1008,1229,675,1032,1192,1242,1584,1306,1025,1352,1030,882,1017,994,1259,1621,297
1040,1149,932,1421,1146,1489,1177,810,1094,1315,896,978,1232,1001,1396,1368,540
1573,1137,1002,1131,1060,1103,1237,1020,1006,1342,1039,984,1014,1048,1254,1593,991
1606,1005,941,1134,1025,960,1211,1194,1025,1321,1006,1020,1118,883,1278,1624,390
923,1403,766,1293,1008,1548,1246,1000,1118,1417,1089,994,1219,1066,1307,1070,472
1115,1464,513,1184,1064,1589,1335,876,1137,1493,1039,1008,944,989,1294,1352,143
887,1226,651,1435,1180,1531,1229,980,1078,1443,1048,1005,1163,1080,1413,1050,540
901,1404,693,1184,1060,1444,1408,1181,1152,1425,1013,962,1113,1015,1362,1238,361
1392,1326,849,1252,970,1405,1171,861,1091,1364,1124,1015,1186,1002,1252,1246,390
1092,1054,655,1319,1013,1673,1346,1085,1099,1287,937,1114,929,1037,1472,1369,143
1660,1566,937,1272,987,770,1028,865,1053,1485,1059,1056,983,979,1204,1461,991
881,1202,554,1197,904,1621,1233,1423,1075,1383,1257,1056,1038,1054,1333,1084,485
958,1327,574,1311,1058,1288,1366,1272,1100,1422,1019,948,1026,1103,1418,1244,297
979,1238,584,1493,1122,1537,1252,942,1058,1407,1078,1031,1065,1024,1338,1279,540
1219,1606,841,1316,1080,1352,1036,629,1054,1406,1141,990,1251,976,1211,1251,472
1512,1422,920,1148,1030,1041,1233,934,1020,1527,983,1032,1030,943,1247,1458,991
1217,1392,604,1119,989,1310,1319,1247,1155,1487,1094,1102,867,957,1372,1246,485
1117,1577,480,1196,941,1305,1369,965,1167,1431,1068,998,925,960,1459,1272,361
1116,1558,510,1298,1070,1253,1345,903,1129,1435,1023,1037,1001,915,1315,1420,143
1563,1429,817,1132,1099,1155,1096,908,1116,1409,1074,996,1075,907,1300,1403,390
1279,1458,632,1018,829,1197,1584,1276,1075,1395,956,995,929,989,1266,1612,297
1043,1383,719,1121,1010,1516,1266,1175,1115,1530,1125,1041,1023,935,1271,1240,472
929,1382,545,1185,1104,1687,1251,849,1062,1481,1041,1149,1049,956,1310,1232,540
1210,1380,537,1161,1082,1533,1298,932,1046,1534,1055,1057,947,1043,1244,1342,143
1127,1126,562,1104,1172,1540,1317,1232,995,1571,1248,1025,956,974,1261,1246,485
969,1552,674,1376,1054,1587,1157,823,1015,1578,1197,1160,1123,1046,1113,1048,472
1497,1382,752,1193,1166,1112,1143,895,926,1570,1025,1057,984,983,1195,1540,991
1005,1440,623,1001,1391,1161,1495,1164,1020,1569,1134,977,1050,934,1240,1354,361
1459,1371,898,1132,1067,1196,1302,766,985,1554,1127,1018,1193,946,1085,1312,390
1466,1615,847,1014,1094,732,1477,866,1029,1638,1071,1012,908,967,1239,1399,991
1091,1584,846,1080,1103,970,1413,1099,980,1499,1155,839,1136,952,1173,1546,361
934,1499,630,1320,1008,1293,1407,1074,998,1564,1027,1032,1070,986,1144,1459,297
1116,1336,639,1268,1137,1492,1274,930,1113,1435,1091,1006,991,1023,1255,1366,143
1003,1497,714,1422,1203,1421,1063,917,1127,1471,1169,944,1257,947,1261,1104,540
1016,1482,897,1210,1207,1121,1399,926,1120,1515,1062,999,1193,986,1273,1132,472
1031,1394,691,1177,1183,1289,1134,1331,1116,1467,1302,1081,1034,938,1295,1047,485
1568,1373,972,1035,997,1080,1013,1112,1055,1413,1194,946,1126,910,1319,1317,390
997,1532,509,1217,1133,1210,1409,1239,1146,1409,919,1044,914,1019,1396,1401,361
1126,1395,852,1192,974,1404,1160,1144,1053,1285,1127,1021,1285,1012,1211,1272,472
933,1305,734,1247,1042,1579,1236,920,1123,1375,1032,1015,1084,1025,1257,1369,143
686,1300,794,1440,1161,1668,1252,892,1047,1472,1044,1061,1283,1018,1254,1101,540
1540,1195,786,1132,1258,1301,1049,1019,989,1436,949,1263,849,983,1309,1483,991
994,1235,621,1106,1174,1311,1459,1362,1159,1361,935,924,1083,948,1243,1618,297
1062,1276,797,1127,906,1626,1060,1426,1085,1242,1242,1085,1106,1041,1316,1163,485
1405,1267,1061,1181,989,1039,1151,1038,1009,1517,852,922,1095,976,1206,1686,991
880,1443,619,1239,1124,1689,1289,920,1143,1435,1131,1062,1039,1005,1228,1237,472
912,1393,521,1006,1105,1230,1586,1424,988,1395,1115,1136,890,1063,1318,1375,361
972,1182,864,1299,1130,1445,1405,983,1082,1526,951,967,1154,932,1269,1399,540
1438,1439,998,958,861,1193,1110,1241,958,1351,1235,1072,992,1079,1365,1228,390
1098,1370,750,1145,910,1412,1408,1001,1146,1401,932,988,1011,945,1256,1532,143
1001,1062,787,1120,1003,1122,1540,1557,1038,1435,839,929,1122,927,1196,1739,297
1082,1215,811,1031,988,1392,1220,1484,1050,1458,1137,955,1038,927,1272,1443,485
1121,1345,695,1064,899,1523,1355,1059,1109,1347,1114,1033,1145,974,1185,1373,472
1390,1629,954,1058,1029,1024,1109,823,1100,1306,1060,1003,1122,933,1195,1526,991
1058,1400,731,1012,1157,1140,1448,1199,1076,1298,1034,969,1132,938,1239,1546,361
957,1299,627,1196,1102,1190,1563,1220,1049,1454,936,1000,982,1032,1327,1500,143
1044,1492,699,1343,1043,1608,1188,734,1134,1384,1121,979,1246,951,1320,1145,540
821,1396,428,1283,1029,1100,1638,1388,1054,1361,945,992,1040,992,1280,1510,297
896,1230,519,1284,1073,1479,1346,1370,1043,1430,1137,1127,961,1012,1339,1231,485
1189,1240,836,1155,1075,1227,1306,1143,1016,1337,1060,944,1157,1021,1233,1492,390
990,1335,602,1312,1288,1408,1376,969,1036,1527,1082,1044,1007,938,1281,1365,540
1388,1462,717,1195,1161,977,1373,1000,1061,1616,873,1082,897,982,1410,1333,991
997,1367,711,1241,1111,1371,1415,976,1042,1315,1118,949,1124,1002,1364,1366,361
722,1323,650,1332,1132,1609,1447,971,1135,1504,997,1032,1084,1022,1359,1147,472
1204,1432,584,1323,1186,1361,1212,972,1043,1456,1108,1013,891,981,1230,1499,143
975,1381,650,1146,1079,1442,1562,973,1064,1507,1092,1017,936,967,1264,1372,297
996,1362,544,1089,991,1621,1339,1220,1067,1456,1381,1056,949,981,1303,1087,485
1234,1423,936,1165,1022,1403,1056,949,1014,1389,1170,1059,1083,983,1205,1377,390
889,1329,693,1418,1091,1615,1191,827,1042,1464,1071,1121,1120,974,1280,1208,540
1566,1440,987,1159,1041,1054,1017,858,1039,1473,1018,1083,918,958,1281,1503,991
1014,1453,496,1140,1110,1435,1475,852,1121,1437,972,1127,745,1089,1407,1382,143
1162,1332,748,1101,1010,1534,1172,1013,1080,1281,1247,999,1183,1032,1138,1320,472
915,1668,534,1278,995,1204,1384,1170,1202,1444,1116,894,1059,886,1320,1359,297
918,1246,722,1207,1038,1557,1430,1124,1055,1499,970,1027,1043,992,1286,1408,361
1035,1472,665,1188,1002,1374,1133,1381,1100,1460,1387,1018,1038,903,1291,1083,485
1573,1471,874,1204,1033,1166,1110,746,1116,1479,1025,1047,926,993,1301,1393,991
1116,1328,470,1122,1096,963,1705,1372,1112,1502,1106,955,945,932,1355,1333,297
936,1232,731,1483,1186,1460,1220,1002,1029,1454,1036,951,1163,1046,1254,1347,540
1065,1544,603,1129,916,1270,1430,1076,1143,1505,1176,941,1052,950,1305,1208,472
1341,1520,630,1263,943,1380,1213,879,1177,1340,980,1023,942,1073,1386,1359,143
1459,1362,962,1201,976,923,1203,1126,1021,1464,1151,904,1122,1002,1112,1493,390
1017,1052,694,1155,1202,1300,1597,1229,1086,1536,1177,944,991,955,1240,1351,361
1744,1605,991,1116,922,630,1101,919,1025,1395,977,1049,924,973,1279,1625,991
1317,1288,668,1039,1152,1282,1186,1308,1087,1578,1305,946,937,909,1249,1266,485
1181,1306,691,1342,1269,1500,1072,837,1022,1530,1089,1069,1201,893,1279,1197,540
1027,1068,591,1076,1224,1267,1564,1360,1082,1550,946,1054,916,952,1250,1491,297
1563,1109,865,903,1146,887,1223,1414,1000,1386,950,1018,1154,981,1158,1576,390
1047,1318,787,1275,1067,1690,1192,831,1094,1441,1102,1068,1234,996,1249,1096,472
1079,1332,808,1150,1270,1039,1167,1435,1071,1280,1012,924,1226,943,1312,1460,361
1207,1307,630,1117,1008,1370,1433,1196,1137,1367,871,1127,1001,1025,1280,1472,143
1369,1518,892,1161,1172,1109,1024,889,1037,1406,1062,983,1199,890,1089,1614,991
711,1206,578,1309,1239,1663,1465,981,1080,1471,973,1081,1132,1008,1273,1262,540
1521,1297,978,1028,1033,960,1203,1043,1107,1442,950,1001,1092,956,1248,1484,390
913,1379,668,992,1029,1548,1296,1347,1104,1422,1232,1095,984,944,1285,1214,485
1308,1493,910,1085,963,1191,1304,995,1146,1375,1139,958,1243,941,1231,1247,472
1326,1083,939,1148,993,1027,1358,1288,996,1357,1064,932,1127,1040,1230,1534,297
885,1341,634,1218,1144,1356,1576,809,1112,1507,930,1067,1007,1022,1354,1281,143
1067,1372,823,1136,1114,1242,1485,1041,1080,1494,946,1004,1028,1057,1331,1340,361
1523,1723,754,1117,984,1054,1186,796,1077,1550,1037,1084,908,850,1237,1537,991
1108,1618,562,1449,987,1482,1062,722,1113,1433,1123,1126,1122,864,1314,1185,540
1360,1434,930,1235,1086,1322,998,909,1064,1291,1103,986,1273,999,1193,1371,472
1270,1351,1027,1096,1002,1282,1315,824,1101,1426,1280,988,1120,973,1183,1209,390
959,1231,712,1145,1091,1460,1268,1320,1111,1332,1288,1031,1071,1005,1315,1127,485
1199,1397,682,1317,907,1519,1305,844,1112,1217,1055,1094,1043,1033,1363,1336,143
1356,1287,643,1175,981,1258,1341,1194,1031,1251,1014,1040,1086,985,1228,1559,297
1351,1360,770,1140,966,1184,1358,1061,1032,1401,1027,1008,1054,953,1287,1492,361
1262,1353,742,1458,1045,1498,1102,768,1062,1407,1101,986,1204,1003,1304,1213,540
1673,1551,985,1093,879,965,1081,801,1024,1434,1061,1047,1002,943,1226,1543,991
1097,1599,661,1003,1011,1601,1261,869,1059,1447,1165,1090,979,996,1346,1198,472
1048,1371,553,1333,1067,1191,1420,1297,1086,1339,964,1051,992,1037,1337,1425,297
1364,1298,690,1014,959,1212,1214,1223,1056,1450,1068,1018,974,886,1340,1488,390
1037,1315,567,1347,1134,1582,1282,976,1079,1425,883,1085,975,1015,1367,1367,143
942,1275,632,1506,1077,1353,1380,907,1029,1633,986,1242,929,977,1344,1140,540
1113,1093,694,1082,884,1492,1220,1510,1007,1253,1223,1106,1007,1014,1284,1386,485
930,1368,687,1343,1016,1332,1396,1042,1099,1436,1119,1035,1086,954,1273,1278,472
802,1272,742,1210,1230,1408,1482,1117,1059,1327,924,1104,1048,1020,1394,1404,361
1588,1514,707,1319,892,1057,1188,997,1032,1549,971,1091,952,907,1290,1488,991
1623,1210,1037,997,1025,938,1170,1098,1022,1367,1157,1074,1120,945,1208,1387,991
1464,1553,907,1130,899,1081,1232,841,1131,1421,1184,1044,1097,936,1261,1206,390
1087,1416,568,1310,1132,1585,1184,831,1083,1214,1201,1081,1097,1049,1254,1301,143
1030,1430,649,1318,1171,1690,1191,708,1093,1215,1193,1074,1268,978,1300,1159,540
1021,1407,654,1115,1034,966,1586,1363,1118,1377,1079,1022,1036,874,1306,1468,297
1250,1376,703,1084,1148,1404,1374,865,1082,1257,1281,1109,1276,977,1148,1150,472
1204,1144,635,1116,1185,1364,1299,1318,1080,1194,1233,1178,1036,1027,1388,1144,485
1265,1235,844,1057,1173,1060,1415,1216,1012,1269,1005,1058,1197,990,1231,1518,361
1395,1403,705,1169,989,968,1417,1080,1079,1329,932,1003,1107,955,1265,1610,390
1035,1449,591,1369,1058,1411,1385,977,1082,1445,995,1111,1066,920,1344,1317,540
1053,1284,502,1189,1102,1073,1501,1134,1082,1549,934,1118,868,959,1358,1412,297
1118,1291,587,1273,1134,1307,1486,1049,1065,1435,873,976,1002,982,1343,1570,143
1614,1152,923,1160,976,1017,1211,1014,1035,1316,835,1086,1094,1051,1218,1620,991
1411,1305,585,1116,1080,1067,1406,1310,1084,1363,941,1047,863,1011,1332,1624,297
1075,1125,596,1273,1018,1336,1335,1431,1137,1348,1329,1001,961,956,1354,1194,485
1080,1200,529,1311,1237,1601,1277,953,1094,1394,1063,1037,1093,971,1278,1292,540
1255,1382,584,1220,1001,1425,1221,1087,1133,1348,1158,1012,1038,895,1273,1423,390
1093,1096,767,1290,1085,1412,1340,1143,1030,1445,980,1050,1027,1072,1229,1400,143
1255,1529,762,1341,946,1373,1028,983,1061,1379,1304,1003,1237,948,1244,1104,472
1064,1076,667,1218,1229,1268,1425,1245,1065,1317,932,960,1162,885,1314,1559,361
850,1020,632,1391,1231,1626,1328,1057,989,1482,1063,1072,1144,1015,1295,1215,540
1542,1266,741,1310,1192,892,1253,1004,987,1493,974,992,1050,866,1163,1534,991
914,919,758,1141,1107,1552,1327,1394,1034,1476,1227,1116,1014,1042,1272,1099,485
1190,1245,648,1185,1224,1292,1352,1099,1079,1320,1035,1005,975,993,1318,1536,143
869,1023,432,1073,1360,1306,1686,1467,1070,1451,1020,974,979,1046,1259,1473,297
1009,1435,749,1235,1125,1350,1281,1023,1062,1331,1178,1045,1145,1015,1168,1319,472
1034,1275,788,1181,1176,1163,1382,1281,1027,1342,987,987,1045,1044,1196,1639,361
923,1362,776,1479,1043,1558,1119,940,1122,1283,1093,914,1335,936,1245,1314,540
1492,1364,1010,1155,1047,1043,1088,970,1056,1336,1038,1043,1042,1011,1198,1522,991
1226,1295,646,1294,1017,1304,1383,935,1171,1285,970,1105,850,1060,1515,1324,143
1378,1220,818,1149,1004,1236,1242,1227,1123,1341,1253,1078,903,983,1391,1206,485
997,1403,684,1515,1278,1337,1083,931,1044,1456,1042,1076,1107,1038,1289,1199,540
1566,1216,1003,1084,973,1135,1226,1004,1018,1469,1002,1009,1026,993,1194,1568,390
984,1321,976,1213,1017,1487,1203,1005,1140,1361,996,1035,1133,1023,1299,1293,472
1051,1082,745,1165,977,1329,1440,1403,1134,1311,880,985,991,984,1328,1580,297
966,1210,922,1119,1352,1169,1314,1228,1042,1386,912,1020,1114,1019,1333,1454,361
1006,1249,826,1291,1168,1523,1315,778,1075,1512,944,998,1219,963,1179,1378,540
1470,1394,1040,1137,1156,830,1205,968,1061,1575,872,1078,913,928,1256,1567,991
980,1436,580,1363,993,1612,1185,923,1102,1377,1013,1042,1289,1123,1207,1127,472
1149,1167,874,1158,1014,1493,1386,1021,1088,1478,948,984,1138,992,1227,1425,390
971,1473,526,1330,952,1366,1501,1058,1203,1333,999,1014,995,1083,1379,1274,297
1167,1281,757,1232,905,1637,1391,787,1181,1435,932,1076,880,1088,1412,1276,143
1206,1230,794,990,890,1481,1362,1295,1066,1414,1179,1059,973,1015,1297,1277,485
1093,1367,623,1154,1104,1180,1506,1163,1096,1464,931,1054,868,1019,1315,1518,297
948,1479,752,1265,1034,1416,1270,1012,1134,1458,1135,1023,997,1050,1244,1239,472
1123,1619,585,1180,1168,1007,1421,1177,1062,1418,939,1038,955,957,1251,1592,361
1419,1471,754,990,1111,1109,1354,927,1100,1450,1050,1041,920,1019,1256,1444,390
939,1553,612,1355,1183,1509,1206,923,1109,1446,1025,944,1094,1035,1360,1267,540
1571,1534,927,1026,1062,947,1318,718,1020,1427,1023,1038,952,1054,1205,1528,991
1097,1515,614,1185,1172,1450,1102,1065,1019,1386,1164,1067,1171,1058,1158,1257,472
1104,1263,725,1052,1239,1238,1259,1390,1049,1358,1014,1018,1063,988,1292,1498,361
1251,1342,730,1260,1124,1173,1294,1106,1094,1408,1112,998,981,1012,1401,1274,143
1056,1350,569,1189,911,1483,1238,1402,1034,1514,1208,1067,881,1044,1261,1271,485
1528,1378,858,1038,1052,1235,1034,1093,1059,1379,1164,1031,1121,952,1246,1328,390
1086,1332,740,1342,1216,1433,1186,889,1057,1375,951,1097,1188,1061,1337,1214,540
1011,1239,463,1179,1044,1267,1448,1565,1004,1455,1009,956,1011,987,1219,1606,297
1240,1216,852,1002,905,1219,1246,1465,1040,1375,1246,984,1006,1018,1248,1363,390
1094,1136,862,1035,923,1433,1257,1520,1041,1384,1288,988,1042,969,1268,1300,485
1593,1583,874,1166,1055,807,1105,878,1038,1478,966,1053,1037,1001,1276,1431,991
863,1143,798,1230,1092,1509,1326,1296,1018,1388,999,924,1061,1100,1294,1496,361
1133,1188,752,1211,1016,1528,1344,1108,1066,1308,1064,994,970,1095,1376,1407,143
995,1199,720,936,1124,1017,1544,1680,1064,1383,1152,1037,908,1034,1272,1422,297
906,1261,634,1306,1058,1651,1156,1132,1101,1345,1114,1044,1128,1039,1294,1215,540
1151,1333,859,1173,1014,1447,1250,1053,1142,1360,1091,1001,1168,1054,1297,1167,472
1381,1302,778,1268,1214,1270,1194,851,1095,1419,816,1139,848,1102,1312,1544,991
1384,1547,930,1234,1002,1090,1114,904,1139,1417,1084,988,1127,883,1317,1325,390
1016,1306,537,1101,1107,1440,1310,1273,1193,1499,1166,1075,822,920,1411,1194,485
1089,1380,822,1385,1073,1381,1105,954,1028,1558,1084,1132,1129,937,1225,1187,540
905,1163,651,1225,1428,1400,1262,1212,1092,1441,910,973,1084,1003,1243,1457,361
1126,1173,900,1237,1096,1256,1305,1135,1059,1556,1017,1090,987,996,1238,1337,143
1090,1405,762,1259,916,979,1390,1366,1060,1509,978,1027,967,953,1237,1543,297
1537,1448,1038,1277,1019,984,1067,899,1029,1465,943,1141,1032,1011,1231,1393,991
931,1399,777,1329,891,1355,1248,1030,1049,1474,1146,1038,1095,1020,1213,1185,472
1012,1303,884,1302,1243,1645,1071,729,1103,1622,949,994,986,943,1316,1356,540
1277,1416,810,1153,956,1571,1061,1036,1116,1407,1167,941,1080,949,1309,1311,390
1060,1349,1001,1152,1098,1374,1267,962,1063,1482,968,932,1087,858,1238,1648,361
1167,1413,668,1193,1018,1381,1299,1141,1013,1467,929,1087,1086,957,1168,1531,297
1169,1164,865,1073,981,1540,1083,1351,1104,1391,1303,996,897,976,1364,1249,485
1480,1388,1070,1146,981,1073,1046,947,981,1444,910,1031,1086,938,1078,1655,991
1060,1194,592,1290,1035,1666,1276,970,1025,1371,903,1108,1010,1006,1235,1586,143
978,1548,891,1239,920,1543,1163,942,1098,1522,1225,946,1139,910,1175,1265,472
1086,1300,620,1053,986,1330,1577,1280,1067,1337,1036,1047,893,1056,1446,1398,361
1542,1291,832,1080,795,1199,1150,1216,1076,1345,1120,976,1066,982,1226,1489,390
938,1389,591,1414,1279,1476,1363,766,1052,1454,1107,1019,1050,994,1282,1322,540
1091,1297,810,1054,1038,1437,1298,1242,1129,1518,1164,1053,869,957,1376,1214,485
1584,1432,801,1048,1104,954,1182,1096,1024,1467,1086,1008,948,965,1229,1444,991
1039,1356,740,1120,1046,1056,1474,1407,1158,1379,1075,978,922,989,1341,1438,297
1134,1296,879,1156,1101,1178,1275,1261,1021,1393,1093,1060,1083,961,1224,1422,361
895,1359,852,1174,1079,1374,1305,1163,1082,1505,1139,1075,1152,954,1235,1138,472
1279,1205,663,1147,1029,1302,1095,1542,1050,1406,1252,1041,1033,920,1170,1408,485
1543,1378,877,1028,1284,886,1129,1024,1051,1478,1131,1086,945,869,1229,1491,991
1142,1639,595,1209,966,1111,1279,1182,1094,1402,1181,1039,946,911,1266,1438,297
1363,1351,779,1198,960,1130,1195,1182,1127,1469,1026,994,1007,977,1254,1426,390
1220,1485,787,1086,1203,1015,1187,1278,1048,1416,984,1064,964,953,1238,1566,361
1121,1334,599,1456,1059,1437,1114,1093,1104,1437,1023,1036,1125,939,1291,1325,540
1110,1279,547,1099,1040,1438,1596,1113,1140,1490,739,1244,766,1054,1496,1351,143
1412,1451,684,1059,846,1144,1518,1086,1094,1320,981,912,1121,1029,1258,1521,390
1131,1348,543,1092,1029,1005,1537,1514,1046,1350,1059,886,1086,912,1224,1616,297
1239,1198,692,930,1158,1282,1195,1500,1083,1341,1144,1090,896,1035,1276,1395,485
1113,1322,519,1337,937,1582,1447,910,1083,1278,1118,988,1255,1031,1198,1329,540
1600,1254,1004,1030,976,994,1113,1035,1060,1336,1022,987,994,978,1229,1674,991
878,1391,710,1196,1009,1501,1343,1125,1131,1287,1142,985,1190,1024,1229,1292,472
1155,1206,616,1153,871,1361,1605,1194,1087,1212,946,997,1137,1137,1282,1482,361
810,1183,727,1168,1044,1475,1552,1108,1009,1317,1193,1016,1087,1055,1237,1366,143
1355,1259,1067,1028,884,1166,1289,1232,1006,1264,1138,983,1275,1008,1217,1389,390
1318,1278,734,1140,1014,1030,1454,1307,1046,1450,1027,945,973,961,1323,1532,297
905,1516,929,1244,1075,1361,1241,991,1034,1499,1182,954,1232,926,1138,1315,472
1490,1396,921,1304,1137,928,1157,796,981,1484,1000,1013,1019,1023,1267,1493,991
1304,1103,961,1065,893,1632,1046,1271,1077,1342,1323,1013,990,946,1379,1210,485
959,1543,829,1079,1069,1082,1409,1310,1045,1302,1163,888,1093,931,1275,1583,297
1168,1269,794,1462,1125,1468,1178,787,1042,1506,1045,992,1098,1010,1365,1222,540
1462,1443,961,1032,923,1152,1157,1073,1028,1344,1393,922,1158,889,1175,1371,390
1053,1616,695,1080,915,1404,1219,1085,1085,1456,1324,1072,1055,968,1227,1093,472
1106,1567,568,1173,1035,1096,1448,1171,1030,1431,1018,1017,1043,899,1340,1502,361
1072,1312,861,1201,1013,1605,1239,916,1004,1443,1185,1054,1017,1002,1221,1354,143
1530,1572,883,1096,860,1027,1096,972,1073,1440,1265,1016,957,939,1219,1371,991
1088,1064,761,1025,955,1314,1350,1573,1073,1429,1136,1010,906,1006,1304,1416,485
1029,1142,844,1007,1238,1419,1365,1236,1061,1357,1055,1016,1017,945,1341,1430,361
1349,1499,580,1105,1056,1242,1356,1061,1058,1430,1181,1000,985,959,1231,1424,297
1160,1057,765,1110,1207,1515,1326,1083,1066,1429,1050,1050,940,973,1321,1430,143
1068,1172,901,1140,1114,1533,1231,1064,1081,1417,1102,1051,1031,1070,1253,1275,472
1544,1488,1006,985,1096,1085,1130,861,1010,1454,1254,1007,1110,996,1222,1227,390
1528,1744,856,1029,1039,815,1014,934,1007,1515,1022,1013,931,973,1290,1484,991
962,1546,705,1208,987,1384,1184,1302,1069,1487,1271,1055,979,1008,1288,1123,485
1075,1527,633,1387,1151,1574,1135,608,1033,1428,1257,1031,1237,1037,1217,1040,540
1148,1461,702,953,1100,1105,1501,1310,1056,1333,954,1060,1077,907,1171,1657,361
1216,1180,746,990,1153,1370,1245,1303,1097,1323,1209,1091,1041,939,1282,1298,485
1219,1450,544,1091,968,1118,1489,1314,1129,1382,1072,954,1067,899,1231,1546,297
1054,1206,644,1205,1412,1515,1283,868,1110,1398,1025,1084,1146,931,1308,1270,540
1239,1650,698,1150,996,1384,1168,823,1014,1417,1306,1115,1077,1022,1264,1065,472
1394,1394,607,1099,906,1574,1221,902,1124,1315,1056,1147,934,1048,1240,1416,143
1423,1342,790,1090,975,1332,1300,971,1088,1411,1117,1054,1086,966,1251,1273,390
1564,1468,856,1105,996,1021,1166,800,1056,1345,987,1082,1020,1005,1284,1485,991
1021,1136,563,1421,1119,1587,1254,859,1112,1425,923,1110,1103,1068,1202,1337,540
840,924,610,1226,1067,1494,1585,1500,1109,1356,935,1031,1039,929,1398,1483,361
1306,1303,711,1182,937,1386,1344,1071,1086,1398,990,996,970,1050,1257,1450,297
965,1407,894,1141,1213,1542,1167,922,1081,1463,1111,1052,1198,974,1064,1325,472
1273,1218,676,1125,1051,1339,1247,1342,1166,1360,1213,1017,923,1030,1307,1264,485
1458,1426,772,1174,1029,1162,1142,1029,1018,1585,1005,1172,911,1037,1266,1286,991
1310,1222,747,1167,1086,1490,1196,1062,1110,1497,1192,960,1125,937,1146,1313,390
1405,1538,791,1181,926,1387,1013,1003,1097,1370,1089,1108,1119,1042,1241,1214,472
1090,1424,853,1050,1199,1037,1364,1208,1088,1456,967,963,1019,1062,1249,1476,361
1495,1350,848,1141,1043,1092,1204,985,1083,1533,953,1012,911,988,1275,1498,390
834,1333,610,1312,1201,1523,1506,816,1128,1554,1085,1035,1077,971,1363,1067,540
1019,1343,653,1124,1094,1506,1374,847,1116,1480,987,1174,930,1055,1257,1281,143
1585,1624,976,1083,1003,940,1039,922,1030,1492,936,1182,851,1050,1262,1477,991
1387,1420,743,1114,889,1319,1057,1335,1015,1432,1191,1157,899,1050,1320,1216,485
1226,1455,691,1049,888,1249,1432,1290,1146,1403,1096,1067,989,1026,1246,1307,297
1105,1420,657,1464,1263,1406,1078,887,991,1438,1112,1122,1157,951,1309,1200,540
866,1385,950,1231,914,1560,1342,929,1099,1371,1039,1002,1250,1067,1226,1226,472
1555,1495,883,1182,1110,889,1039,978,982,1402,1021,1054,1044,986,1239,1501,991
844,1468,707,1298,1347,1230,1299,1024,1118,1384,946,1065,1095,1029,1393,1250,361
1114,1321,795,1147,960,1094,1510,1339,1070,1311,1019,1007,1095,1011,1341,1426,297
1173,1145,668,1277,1107,1281,1157,1418,1018,1313,1237,1123,1023,1056,1397,1113,485
1572,1459,936,1282,1235,997,885,820,976,1460,1146,1031,1206,914,1243,1304,390
974,1371,777,1343,1217,1499,1113,961,1147,1408,1112,1066,1177,899,1350,1121,540
1221,1350,882,1158,889,1472,1176,1047,1072,1338,1163,1079,1093,1016,1228,1291,472
1351,1346,675,1372,1044,1337,1109,848,1097,1432,1024,1025,954,973,1297,1465,143
1384,1447,1022,1252,1069,1152,942,957,1066,1448,961,1025,1104,927,1343,1398,991
