l5e1,l5e2,l5e3,l5e4,l5e5,l5e6,l5e7,l5e8,l7e1,l7e2,l7e3,l7e4,l7e5,l7e6,l7e7,l7e8,maj_class
1029,1230,530,1137,1208,693,1691,1526,1032,1414,975,992,902,943,1328,1653,297
1744,1108,1318,1094,972,794,1161,781,1195,1204,1134,1052,1198,853,1238,1406,28
895,1532,944,1162,1147,1665,1168,655,1114,1533,1309,942,1280,936,1154,1012,472
1237,1330,841,1370,1256,1296,1267,658,1076,1386,917,989,1060,879,1529,1443,307
989,1173,1421,1055,1267,1289,1149,937,1047,1341,1392,951,1390,967,1219,973,879
717,1066,521,1287,987,1744,1248,877,1310,1390,899,988,1178,1006,1418,1091,148
1065,600,1228,831,1548,1139,1554,1239,1075,1282,1069,968,1192,908,1284,1472,333
948,907,770,935,1148,1576,1362,1516,1124,1495,1374,1116,832,939,1402,967,485
1744,1547,1379,1061,1127,460,910,510,1011,1464,810,1115,953,1007,1206,1548,991
740,1744,671,1318,1229,1129,1365,833,1125,1614,848,1042,922,855,1549,1325,351
594,1683,1140,1599,1338,975,1012,647,913,1296,1678,752,1625,903,964,1092,645
1240,1218,572,1230,1184,1586,1509,668,1102,1455,1021,1098,796,1109,1346,1342,143
907,1321,606,1058,1303,1203,1518,1270,1042,1261,983,988,1101,949,1329,1627,361
1744,1317,1224,879,1003,882,1089,919,1086,1471,1143,839,1159,917,1141,1524,390
650,1360,563,1665,1327,1744,965,658,1100,1429,1175,1000,1384,903,1311,978,540
1552,758,723,1332,1267,1239,1329,803,1098,1410,1545,1028,1158,903,1334,721,783
909,887,639,1322,1058,1744,1248,959,1243,1357,1003,1063,1177,977,1389,1071,148
788,1625,980,1248,983,1511,1105,912,1188,1315,1203,879,1416,1002,1191,1086,472
1078,1243,1489,1375,922,1200,878,938,1120,1117,1528,823,1610,849,1148,1056,879
807,1542,506,1285,984,849,1686,1483,1086,1483,987,959,850,979,1262,1606,297
747,683,1325,770,1628,1141,1476,1493,1048,1258,1024,965,1334,861,1367,1423,333
599,1604,623,1550,1337,1096,1354,843,1155,1552,892,1050,930,936,1624,1141,351
1415,1474,716,1452,1042,1210,1127,777,1036,1284,1172,900,1194,923,1320,1451,307
1713,1434,1051,1348,870,869,836,625,969,1442,936,1043,981,977,1154,1616,991
1362,1273,935,1178,1137,1361,1149,879,1070,1350,969,1204,883,1080,1326,1398,143
1040,883,547,966,906,1698,1253,1641,1088,1452,1492,1113,837,897,1346,1040,485
462,1530,1378,1573,1272,1164,1174,677,1092,1358,1478,860,1513,949,1036,963,645
1001,1436,625,1085,1188,1004,1609,1211,1143,1266,892,977,1014,952,1382,1596,361
755,1007,574,1195,1111,1744,1236,1141,1229,1271,1019,1007,1282,1029,1317,1126,148
648,1105,651,1592,1422,1671,1005,831,1061,1476,1130,975,1548,877,1236,977,540
1738,1591,963,1074,949,407,1141,901,1264,1307,1106,1066,1066,802,1158,1511,28
1688,1577,1122,888,1018,802,1086,1028,1010,1442,1097,950,1277,1010,1106,1388,390
1299,813,666,1354,989,1548,1335,1003,1255,1460,1503,996,1083,866,1239,854,783
767,557,1472,764,1448,1239,1644,1332,1101,1335,1002,945,1286,841,1297,1473,333
667,1744,613,1380,1039,988,1424,1142,1229,1617,798,1016,915,793,1603,1293,351
894,1520,391,1195,959,998,1559,1377,1172,1350,936,1008,913,937,1322,1548,297
1331,1390,751,1383,921,1344,1247,658,1044,1413,1213,903,1042,856,1265,1544,307
925,950,839,963,980,1679,1016,1599,1138,1399,1519,1014,850,886,1420,1054,485
717,1144,1107,1368,1163,1489,1163,893,1141,1392,1378,959,1281,855,1197,1066,879
638,798,812,1243,1380,1696,1169,1108,1148,1426,886,1202,1120,1005,1395,1098,148
987,1145,649,1243,1167,1616,1575,853,1153,1420,841,1194,792,1069,1441,1370,143
816,1589,850,1225,893,1629,1295,774,1152,1488,1144,1068,1339,965,1088,1036,472
592,1304,818,1068,1419,1037,1568,1430,872,1461,892,891,1200,839,1127,1744,361
1744,1613,1078,974,1017,381,1144,713,1021,1506,887,1055,873,959,1355,1608,991
1696,1273,977,1156,965,830,1099,1105,1225,1203,1039,1080,1063,941,1254,1475,28
664,1543,1259,1390,1299,781,1142,877,954,1368,1503,824,1526,923,1002,1180,645
1292,773,784,1251,934,1490,1417,1100,1101,1405,1624,1035,1054,867,1324,856,783
631,1203,627,1614,1321,1700,1125,828,1080,1424,1083,938,1429,975,1338,1013,540
1710,1729,1122,932,923,672,1088,870,1104,1398,1112,986,1146,1009,1195,1330,390
715,1744,705,1376,1141,1019,1248,908,1174,1521,852,939,1008,893,1498,1395,351
1337,762,1149,830,1322,1037,1427,1416,971,1147,1276,1007,1401,839,1214,1425,333
638,1630,660,1059,1299,853,1654,1232,1139,1356,1022,856,1093,977,1286,1551,361
845,1241,1013,1279,1157,1602,1064,994,1112,1301,1440,926,1346,1012,1153,990,879
806,1020,708,1210,1156,1687,1183,956,1233,1321,831,1035,1279,1023,1327,1231,148
1126,890,528,930,915,1635,1043,1744,1115,1313,1488,1095,907,937,1423,995,485
957,1308,559,1313,1185,1484,1523,792,1146,1322,839,1069,907,1067,1399,1459,143
994,1512,881,1297,822,1146,1502,850,1102,1409,1049,883,1061,877,1325,1570,307
824,1293,581,1089,898,760,1728,1594,1139,1316,888,920,953,990,1320,1604,297
906,1579,831,1285,914,1684,1027,860,1148,1407,1197,1031,1266,947,1271,1013,472
1706,1455,1077,1251,1083,608,777,568,1018,1494,1024,1094,987,935,1190,1538,991
590,1614,1226,1547,1233,941,966,834,920,1355,1628,833,1430,970,967,964,645
1075,829,657,1532,1271,1426,1433,1057,1039,1402,1590,1002,1086,887,1371,887,783
1744,1332,1094,1294,769,751,1052,1080,1250,1126,1108,1062,1116,798,1232,1568,28
885,870,1285,850,1388,1039,1460,1454,1044,1336,1239,806,1373,882,1144,1456,333
580,985,503,1599,1512,1744,1311,758,1059,1640,1026,986,1308,885,1271,1105,540
1184,1442,628,959,1132,996,1622,1223,1112,1413,1084,1001,920,949,1271,1481,361
1005,1467,1208,1249,1041,1428,1084,793,1128,1255,1535,942,1413,878,1072,1057,879
925,1176,685,1382,1062,1520,1419,776,1188,1394,1096,1076,865,1059,1289,1313,143
622,1744,562,1255,1115,1469,1330,883,1109,1575,758,1180,871,930,1591,1232,351
1661,1503,935,826,926,814,1106,938,1148,1361,1259,973,1139,1015,1162,1223,390
666,909,596,1366,1071,1744,1182,1075,1254,1387,980,1042,1131,1061,1441,984,148
1502,584,874,1351,912,1363,1558,952,1105,1622,1553,1110,1032,817,1266,754,783
759,1479,451,1137,1065,842,1736,1621,1093,1398,995,892,1021,898,1211,1667,297
1139,1440,915,1517,979,1003,1314,729,1058,1276,1138,981,1150,924,1281,1472,307
1744,1425,956,1295,799,651,970,977,1218,1155,1050,1116,1086,867,1307,1481,28
1744,1519,1271,1212,874,565,996,703,989,1525,1081,970,1015,861,1125,1609,991
1037,1016,803,984,892,1615,1132,1685,1170,1280,1636,1045,869,942,1248,1061,485
323,1613,1208,1659,1200,1240,1065,656,893,1270,1709,744,1616,943,986,894,645
949,1495,841,1245,822,1652,1161,988,1142,1519,1263,1106,1219,1010,1163,858,472
630,1395,1222,1345,1228,1423,1049,943,1115,1350,1482,890,1382,958,1120,983,879
1593,1354,1226,1107,876,1068,1194,729,1084,1401,1233,955,1158,889,1150,1410,390
570,1336,551,1575,1348,1716,1249,703,1074,1420,1146,1031,1344,900,1356,1009,540
897,771,1586,699,1533,806,1562,1296,1033,1444,1138,967,1303,890,1151,1354,333
890,1352,848,1125,1107,1332,1283,1343,1066,1336,892,998,1027,964,1363,1551,361
1151,1549,581,1406,1042,1526,1188,677,1041,1370,926,1108,862,1159,1408,1406,143
1678,1415,576,1374,873,867,1329,969,1292,1276,1046,966,1054,881,1224,1517,28
1417,1630,656,1382,1027,1065,1350,713,1155,1366,1002,961,1057,872,1458,1385,307
855,1744,595,1311,1162,891,1351,1084,1185,1558,806,1116,821,911,1599,1265,351
642,996,485,1307,1063,1707,1415,1027,1288,1345,865,1057,1186,966,1460,1113,148
1744,1476,1231,1100,1120,399,912,653,1026,1411,922,1129,921,985,1253,1550,991
1191,895,787,891,1020,1566,1402,1519,1149,1606,1463,1067,825,894,1371,877,485
788,1521,606,1034,1030,714,1728,1595,1076,1407,1016,1000,883,997,1298,1585,297
1244,657,722,1474,1056,1390,1455,1166,1117,1416,1468,1130,999,893,1384,854,783
909,1699,898,1160,965,1612,1004,764,1091,1376,1220,945,1291,1051,1178,1128,472
861,1381,1067,1569,977,1504,1037,860,1225,1229,1371,930,1389,899,1232,1005,879
561,1736,1179,1634,1227,833,1089,688,923,1461,1629,844,1485,993,1000,887,645
1651,1392,1341,991,904,833,1252,913,1034,1418,1286,1005,1159,972,1142,1263,390
1014,1294,461,1081,1326,1221,1600,1234,1100,1382,825,981,936,953,1419,1606,361
1590,1368,1270,1357,864,584,1192,910,1217,1192,1026,1018,1206,815,1217,1578,28
983,1166,444,1387,1071,1704,1511,790,1179,1452,941,1089,723,1083,1456,1341,143
664,1724,621,1230,1091,1058,1455,1059,1087,1602,804,1021,808,951,1560,1387,351
620,1072,592,1580,1469,1693,1163,591,1038,1515,1125,1080,1327,852,1228,1115,540
1373,1737,656,1290,1190,851,1258,719,1070,1382,1141,1027,1119,928,1269,1344,307
1245,495,1668,703,1322,965,1427,1422,1120,1130,1071,995,1357,848,1195,1559,333
815,1522,802,1314,1023,1573,1185,887,1160,1406,1233,1006,1267,976,1158,1074,472
1744,1447,1412,1104,884,588,850,515,1028,1300,799,1271,876,1015,1331,1614,991
1117,697,680,1403,1277,1360,1494,1136,1092,1413,1720,1041,1202,794,1207,722,783
801,1417,495,1064,1117,758,1680,1609,1162,1378,1044,908,942,962,1207,1677,297
825,891,647,1505,960,1744,1153,960,1170,1330,955,1039,1366,1054,1283,1083,148
931,1126,603,917,928,1721,1088,1708,1122,1423,1483,1118,730,984,1343,1077,485
1696,1356,1102,1153,884,777,1200,908,1213,1283,1180,1088,1049,825,1186,1456,28
831,1399,1263,1389,1061,1383,943,955,1073,1176,1570,920,1491,823,1130,1076,879
792,1495,688,1089,1334,816,1559,1173,1088,1385,1053,1007,998,946,1327,1475,361
1710,1616,957,945,1008,732,1158,827,1041,1452,1331,1012,998,1022,1133,1291,390
1265,1460,490,1138,1028,1513,1448,708,1086,1428,915,1175,710,1147,1398,1421,143
471,1744,1170,1570,1325,737,1190,758,901,1440,1617,852,1414,1055,959,999,645
1449,1316,742,1204,1097,1175,1334,720,1052,1287,1310,868,1086,922,1264,1491,307
817,1592,766,1464,1197,1107,1097,1080,1061,1535,856,1065,1028,868,1452,1400,351
1023,734,1553,697,1378,954,1645,1154,1094,1302,1149,984,1360,855,1238,1298,333
1100,909,650,1033,976,1606,1145,1712,1139,1373,1370,1138,865,1020,1302,1073,485
1528,1111,1266,1249,929,958,1123,798,1270,1230,1118,1048,1126,830,1250,1408,28
728,1672,841,1184,921,1590,1335,727,1180,1329,1336,1006,1278,1126,1134,891,472
1326,792,737,1339,1088,1355,1315,1300,1095,1298,1556,1061,1133,931,1314,818,783
1086,1304,441,1273,944,1097,1520,1499,1042,1336,943,921,1073,902,1199,1654,297
593,1311,1328,1264,1202,1583,1067,868,1077,1334,1379,922,1399,919,1162,1088,879
556,1744,1178,1589,1200,830,1137,656,1006,1409,1598,930,1414,892,951,1009,645
928,1540,603,977,1119,798,1722,1438,1161,1494,1039,851,970,860,1319,1586,361
1744,1744,1209,1137,974,346,998,589,985,1458,881,1128,941,1064,1187,1622,991
586,1230,586,1656,1393,1691,1093,722,1068,1512,1110,1033,1325,959,1289,984,540
713,1164,414,1339,1193,1744,1167,929,1271,1372,967,1034,1210,1043,1403,980,148
1589,1093,1087,1104,1016,951,920,1124,1024,1423,1411,921,1166,932,1241,1162,390
936,1744,861,1270,940,1032,1466,468,1026,1375,1169,1051,1030,942,1330,1357,307
779,1726,477,1271,1195,1275,1220,769,1110,1539,932,1028,863,896,1527,1378,351
1008,1206,746,980,876,1487,1198,1712,1108,1432,1434,1092,808,999,1396,1011,485
842,777,1433,861,1223,1397,1457,1275,1002,1242,1260,928,1413,894,1148,1389,333
1147,1151,608,1361,1157,1570,1420,740,1153,1397,1017,1180,790,1041,1451,1251,143
1721,1264,1183,1231,792,899,1111,837,1259,1239,1066,1046,981,889,1349,1451,28
907,1052,353,1087,1276,970,1658,1612,1111,1376,749,924,791,1027,1351,1743,297
1371,864,633,1381,1135,1176,1405,1217,1083,1417,1558,1186,1010,864,1208,916,783
702,1319,1038,1154,1049,1668,1124,1023,1097,1277,1406,843,1480,937,1094,1146,879
868,1406,839,910,1150,1041,1602,1374,1084,1256,900,959,994,988,1435,1635,361
731,1390,1011,1309,1074,1722,977,895,1096,1397,1309,935,1363,936,1234,997,472
700,772,590,1364,1155,1744,1228,1014,1281,1270,790,1047,1262,1104,1376,1150,148
813,1626,1480,1381,1156,786,980,918,953,1307,1610,786,1507,907,1003,1097,645
1347,1444,688,1355,1021,1204,1350,781,1093,1172,983,995,1123,938,1407,1565,307
536,1068,618,1583,1451,1744,1122,560,1076,1510,909,1098,1444,854,1362,1027,540
932,872,807,956,1058,1556,1332,1639,1027,1514,1343,1061,932,1030,1357,1016,485
817,452,1373,792,1525,1179,1706,1246,1116,1343,1028,914,1355,852,1255,1417,333
1066,1263,504,1367,1198,1328,1492,850,1034,1401,989,1204,803,1132,1384,1333,143
1725,1523,1169,1145,865,503,1031,726,993,1509,904,1120,893,994,1173,1648,991
1685,1384,1216,1141,838,675,974,1161,1084,1334,1269,848,1265,867,1120,1493,390
1676,1124,955,1226,1086,900,1228,845,1178,1265,1136,1089,1061,869,1206,1476,28
685,1744,784,1444,1187,1092,1225,891,1164,1478,932,1018,1015,901,1542,1230,351
488,1729,1174,1603,1060,919,1194,753,1039,1288,1566,872,1434,991,1109,965,645
875,1302,444,1046,963,1011,1744,1535,1165,1333,1041,917,928,909,1278,1649,297
758,1472,881,963,1198,1068,1484,1347,1032,1288,1012,1013,1078,1015,1290,1552,361
771,1258,1226,1073,1267,1491,1203,991,1070,1370,1364,1148,1262,918,1178,970,879
1077,681,515,1605,1293,1436,1654,925,1021,1614,1589,883,1216,780,1299,830,783
676,1228,695,1702,1314,1715,1028,595,1043,1464,1164,954,1452,963,1298,942,540
1090,877,677,868,1112,1652,1153,1666,1058,1388,1516,1070,874,945,1281,1148,485
699,1551,920,1165,990,1553,1357,932,1133,1356,1359,956,1255,1053,1191,977,472
1744,1568,1215,1067,1250,335,911,639,992,1585,1126,1124,963,875,1075,1474,991
1118,1258,521,1276,1216,1551,1581,739,1140,1279,1020,1104,811,1188,1422,1316,143
706,868,433,1351,1042,1744,1422,967,1247,1396,817,1170,1118,1189,1385,958,148
1712,1445,884,1030,898,878,1108,966,1076,1444,1227,1077,1116,1013,1155,1164,390
751,1744,610,1404,1144,1113,1281,853,1180,1608,947,1031,798,916,1521,1271,351
1271,1569,813,1369,1130,1338,1083,604,1041,1323,1227,953,1087,903,1337,1409,307
1011,555,1359,763,1525,907,1688,1425,990,1212,1097,1059,1391,918,1212,1401,333
439,1741,1295,1562,1264,759,1174,936,925,1340,1681,772,1482,931,970,1063,645
851,1053,515,948,1108,847,1744,1699,1109,1323,992,783,1059,961,1314,1636,297
1589,1351,992,1143,1056,785,1332,887,1235,1207,1026,1123,1032,846,1376,1435,28
694,1218,562,1578,1285,1732,1217,595,1138,1459,1035,987,1367,866,1259,1169,540
768,1162,515,1143,1366,1136,1675,1419,1025,1424,992,874,1130,871,1260,1576,361
1451,593,631,1269,1438,1326,1564,930,1064,1491,1636,1066,1086,792,1254,830,783
1733,1583,1049,1139,1216,473,1036,562,1022,1558,842,1095,848,1003,1235,1632,991
1160,1083,478,1189,1123,1744,1385,734,1093,1303,945,1238,797,1145,1479,1280,143
1017,1121,610,935,960,1725,1264,1553,1176,1503,1520,1027,855,885,1341,973,485
853,994,1214,1295,1124,1536,1107,1075,1078,1292,1504,807,1529,828,1175,1045,879
800,1101,539,1300,1049,1744,1177,978,1236,1303,924,1008,1269,1052,1375,1113,148
676,1719,629,1364,1341,935,1354,1037,1105,1529,819,1121,933,847,1542,1384,351
848,1586,757,1186,1073,1740,1092,775,1115,1414,1358,1012,1287,950,1149,995,472
1402,1393,722,1287,1131,1235,1300,810,1133,1335,1031,891,1099,868,1362,1561,307
941,1105,499,1073,1076,994,1727,1567,1192,1347,928,877,943,916,1357,1660,297
810,944,1485,892,1381,1072,1407,1289,1070,1304,1120,987,1250,905,1238,1406,333
1639,1587,892,1392,869,808,1018,826,1264,1093,1165,978,1295,805,1172,1508,28
532,1659,1369,1503,1272,983,963,728,885,1320,1617,829,1521,985,954,1060,645
1662,1406,1177,1006,836,859,1163,816,1190,1411,1117,937,1060,977,1244,1344,390
1310,659,635,1318,1302,1415,1547,1094,1068,1495,1529,1153,1017,880,1339,799,783
838,1405,587,1000,1399,955,1596,1439,1014,1405,1089,938,1120,816,1299,1547,361
1723,1623,1099,1164,1159,633,995,570,970,1528,957,1169,978,936,1179,1482,991
569,1165,516,1630,1464,1624,1273,758,1091,1496,1096,973,1392,853,1261,1118,540
601,1216,1271,1251,1326,1665,1052,879,1149,1350,1482,979,1345,881,1220,874,879
830,962,505,1329,1134,1744,1503,911,1152,1294,832,1333,728,1221,1528,1179,143
868,1437,955,1196,988,1638,1268,759,1130,1454,1331,971,1206,1070,1251,867,472
713,801,1366,816,1391,1132,1651,1363,1084,1308,1183,912,1221,901,1342,1329,333
730,1744,685,1271,1094,1167,1292,878,1182,1483,741,1078,883,849,1631,1406,351
954,934,806,1088,850,1630,1193,1653,1093,1369,1537,1065,858,974,1443,941,485
684,905,703,1277,1185,1727,1249,987,1235,1360,1080,848,1356,955,1362,1084,148
1113,1175,522,1100,1059,777,1726,1542,1109,1223,985,961,888,931,1266,1729,297
535,1662,1192,1603,1270,1045,1036,735,910,1452,1677,803,1523,876,947,986,645
1701,1459,952,1100,942,651,1196,833,1225,1225,1198,1138,1035,850,1256,1353,28
1297,1348,792,1371,1118,1137,1303,793,1073,1259,1119,1009,1009,924,1358,1505,307
1658,1569,824,958,1029,568,1244,1010,1088,1460,1167,972,996,905,1265,1427,390
1107,1263,597,1315,1305,1540,1272,792,1038,1397,865,1219,853,1133,1475,1300,143
747,1478,679,1282,1334,1113,1421,1197,983,1373,969,976,1213,918,1176,1601,361
1255,936,640,1430,1212,1331,1398,978,942,1427,1599,1044,1231,877,1213,865,783
1744,1480,1461,1135,1014,405,849,500,958,1397,989,1109,983,1053,1064,1684,991
841,1135,1231,1152,1269,1517,1096,828,1124,1393,1345,962,1231,1015,1231,979,879
544,1291,609,1728,1403,1714,994,600,1011,1527,1137,1124,1465,920,1267,829,540
985,873,468,928,1111,1648,1262,1665,1144,1538,1180,1170,662,1029,1492,1065,485
846,375,1527,617,1493,987,1737,1449,1080,1286,1254,883,1388,878,1157,1354,333
585,1651,701,1434,1137,1047,1420,957,1142,1658,782,989,987,856,1609,1231,351
966,1041,515,1254,980,1744,1177,1133,1206,1474,1043,1048,1105,945,1376,1083,148
765,1322,399,1211,1143,1250,1570,1460,1091,1445,864,1057,881,1080,1262,1540,297
1615,1578,915,1328,878,578,1223,861,1200,1320,1105,1035,1030,798,1229,1562,28
885,1636,800,1337,1096,1615,1041,682,1105,1389,1290,941,1268,1082,1121,1084,472
1460,1623,710,1336,985,1182,1162,703,1108,1234,959,936,1095,916,1395,1541,307
606,1667,1267,1600,1277,874,977,803,936,1403,1583,823,1607,927,895,1013,645
574,1315,485,1699,1211,1690,1167,721,1114,1398,997,1040,1372,989,1286,1084,540
821,1388,509,1440,1163,1580,1498,760,1152,1377,1064,1096,835,1092,1361,1283,143
1326,542,920,1220,1203,1339,1505,1218,1064,1539,1633,953,1258,810,1171,806,783
1744,1388,1091,1285,1077,635,870,596,979,1448,922,1163,1013,944,1123,1607,991
669,1177,1201,1427,1049,1560,1065,989,1134,1329,1407,930,1448,888,1190,909,879
820,1596,663,1017,1329,887,1508,1295,1130,1213,1038,954,1163,900,1281,1589,361
694,861,690,1264,1043,1744,1341,878,1202,1314,857,1102,1183,1093,1400,1129,148
968,1126,676,883,1048,1457,1224,1641,1019,1337,1477,1159,852,940,1375,1121,485
1096,676,1359,725,1530,900,1664,1268,1146,1204,1142,942,1331,850,1269,1396,333
956,1405,586,1112,1052,831,1561,1521,1039,1313,1015,1052,1042,930,1174,1659,297
642,1744,516,1468,1002,1250,1219,862,1068,1555,1003,1024,820,905,1555,1350,351
1561,1407,830,1074,992,769,1216,964,1071,1408,1275,894,1151,909,1225,1347,390
825,1667,683,1304,960,1700,962,847,1110,1228,1273,1023,1345,1045,1067,1189,472
1744,1102,1050,1185,967,546,1230,916,1223,1174,1117,1153,1067,746,1298,1481,28
1420,1651,778,1346,905,1119,1261,625,1043,1385,956,949,1079,979,1314,1524,307
647,1352,663,1644,1286,1743,994,660,1142,1382,1177,1001,1427,979,1232,940,540
1434,706,591,1380,1033,1585,1432,1044,1042,1437,1534,1084,1116,810,1217,1040,783
883,1111,1281,1320,1141,1418,1036,1090,1067,1286,1437,957,1390,942,1124,1077,879
875,1318,648,1122,1271,972,1698,1318,1132,1235,976,921,1030,1023,1329,1585,361
365,1714,1074,1696,1380,1047,1123,653,917,1351,1507,882,1526,1044,1071,948,645
920,1472,683,1259,780,1661,1364,846,1208,1401,1304,942,1340,986,1188,911,472
804,1032,659,1272,1065,1744,1193,980,1265,1461,994,978,1199,953,1436,994,148
991,1340,493,1260,1222,1685,1369,730,1128,1403,864,1222,748,1147,1392,1376,143
968,1148,413,908,843,1744,1441,1494,1041,1533,1381,1147,746,1074,1405,892,485
1018,891,1477,797,1202,1058,1515,1259,1039,1329,1181,957,1300,885,1263,1326,333
1743,986,958,1099,1109,735,1164,1215,1225,1261,983,1037,1135,824,1269,1499,28
1393,1298,730,1413,932,1246,1306,909,1010,1355,1047,901,1209,882,1232,1563,307
1666,1190,1020,987,981,1102,1106,958,1115,1507,1144,889,1137,942,1210,1336,390
865,1640,608,1540,1100,1039,1239,920,1192,1535,844,1063,902,973,1560,1203,351
1010,1388,523,1011,981,774,1653,1486,1102,1372,915,1012,870,989,1317,1571,297
1744,1602,1120,1018,1108,395,1000,672,966,1476,927,1132,894,975,1274,1618,991
464,1622,1220,1651,1171,1153,1032,666,905,1275,1585,815,1535,1023,936,1031,645
1110,1366,629,1057,1278,996,1620,1170,1142,1384,1051,939,951,886,1506,1406,361
1130,1023,710,1036,795,1560,1177,1651,1136,1444,1401,1089,809,938,1446,1017,485
734,1302,671,1716,1089,1694,1056,690,1094,1352,1214,796,1518,843,1238,1190,540
1249,1280,520,1354,1046,1570,1466,759,1160,1458,916,1122,769,1022,1379,1454,143
1188,582,480,1511,1409,1420,1672,956,1003,1533,1447,1014,1174,842,1285,936,783
716,1236,509,1275,861,1744,1197,866,1258,1222,984,1154,1279,1036,1314,1033,148
792,1255,921,1421,1030,1632,1097,973,1083,1247,1404,859,1521,943,1156,1067,879
1744,1345,926,1425,879,831,943,860,1227,1156,983,1066,1058,890,1264,1610,28
963,1618,369,1155,1034,716,1729,1393,1126,1446,1040,904,842,954,1238,1639,297
685,1543,1124,1238,832,1648,1087,946,1066,1356,1436,849,1498,927,1030,1118,472
1695,1387,1050,903,901,915,1254,1058,1103,1471,1121,998,1061,943,1237,1346,390
1384,1724,536,1369,919,1013,1334,701,1120,1419,964,1050,1019,990,1237,1476,307
944,583,1308,859,1326,1223,1588,1372,1023,1330,1112,966,1320,844,1216,1469,333
898,1704,660,1386,1217,975,1260,1000,1215,1555,806,1085,850,905,1506,1281,351
1744,1541,1186,1070,1019,388,977,634,966,1326,845,1202,872,1007,1212,1715,991
467,1691,1198,1653,1000,941,1175,795,908,1437,1668,878,1394,1006,928,1038,645
791,1124,518,1009,1246,1470,1334,1699,1106,1578,1264,1155,765,948,1484,980,485
731,1233,943,1361,1147,1630,1054,1068,1112,1409,1457,952,1370,826,1141,1013,879
418,1325,434,1547,1436,1741,1286,611,1114,1510,1020,972,1284,1015,1433,932,540
693,1468,553,1049,1323,963,1671,1247,1073,1469,964,1028,1006,953,1350,1437,361
1331,1255,522,1309,1102,1560,1354,731,1093,1507,942,1132,731,1125,1340,1390,143
1474,706,765,1487,908,1480,1179,1160,1087,1440,1681,1020,1069,841,1276,845,783
1602,1194,1077,1301,965,660,1107,1106,1297,1107,1021,1162,1102,883,1363,1345,28
793,782,504,1378,1073,1744,1233,1072,1212,1468,941,1028,1178,1064,1240,1149,148
816,1317,745,1333,1014,1623,1291,901,1021,1372,1335,930,1343,1057,1175,1047,472
491,1722,1269,1532,1210,1145,1053,823,975,1391,1573,856,1510,904,1053,1018,645
956,1145,520,964,1130,993,1674,1627,1116,1371,943,997,806,1054,1325,1620,297
1089,1033,576,1034,1077,1577,1096,1646,1117,1327,1485,1057,975,948,1311,1007,485
1512,1163,1000,1134,926,1128,1223,1037,1032,1331,1166,991,1221,1063,1283,1193,390
724,1693,775,1372,1327,934,1103,1038,1197,1551,910,953,987,902,1449,1331,351
1142,924,1281,799,1168,933,1668,1191,1097,1274,1303,881,1337,840,1231,1317,333
1409,523,781,1287,1213,1672,1276,1081,1064,1403,1609,1102,1035,998,1298,734,783
1031,1658,714,1272,942,1224,1476,773,1113,1323,1171,930,1015,871,1276,1578,307
771,1361,1184,1312,1029,1518,1065,926,1147,1258,1428,926,1435,883,1133,1070,879
1744,1450,1176,1223,1107,342,856,686,1005,1487,858,1174,855,1087,1236,1578,991
632,1442,670,1688,1363,1735,992,622,999,1568,1141,1011,1414,938,1224,970,540
1309,1232,652,1231,1041,1523,1288,919,1160,1340,1002,1094,822,995,1454,1413,143
832,1197,567,1070,1353,834,1590,1614,1051,1387,988,937,1069,907,1324,1590,361
719,1722,1178,1651,1102,949,951,627,916,1243,1652,768,1623,980,795,1129,645
845,984,480,1355,968,1744,1236,990,1223,1269,1078,997,1272,988,1360,1093,148
1744,1072,1112,1059,861,685,1238,1113,1190,1017,978,1123,1172,788,1302,1651,28
1033,934,617,1085,1044,1510,1279,1664,1107,1535,1488,1045,872,897,1404,926,485
1053,571,1451,656,1398,914,1642,1423,1013,1263,1214,994,1364,843,1129,1460,333
779,1462,763,1276,1074,1738,1165,745,1205,1392,1170,1025,1345,929,1107,1107,472
1623,1443,1231,1056,825,851,876,907,976,1232,1458,892,1377,918,1073,1354,390
1152,1374,727,1390,1254,1010,1481,762,1031,1448,1116,990,1061,782,1283,1560,307
1280,1266,496,1194,1024,1653,1330,756,1169,1332,938,1098,778,1174,1342,1435,143
629,1610,817,1310,1123,1169,1328,1114,1156,1483,999,1031,957,832,1545,1265,351
991,1081,1341,1227,1133,1512,1009,909,1062,1189,1465,982,1441,918,1197,1026,879
577,1316,591,1514,1410,1687,1327,708,1113,1546,995,942,1427,852,1380,1025,540
749,1498,661,1022,1397,930,1672,1311,1102,1386,936,951,1088,977,1269,1556,361
1702,1546,1224,1165,1092,352,1020,542,989,1464,980,1023,1013,914,1050,1713,991
986,1392,523,1086,965,1057,1606,1505,1144,1404,1050,986,909,947,1306,1523,297
1132,658,558,1288,1202,1634,1587,1006,1039,1475,1516,1011,1056,978,1259,880,783
858,1124,530,1422,914,1744,1014,962,1351,1288,872,1111,1270,1092,1310,986,148
1671,969,1312,1126,977,868,1178,1082,1180,1136,1154,1056,1186,923,1229,1416,28
404,1681,1312,1602,1352,856,1006,743,964,1330,1657,806,1496,911,1032,1024,645
1090,986,936,945,1016,1636,1040,1564,1100,1420,1486,1142,784,944,1379,1025,485
771,1637,961,1241,711,1734,1137,777,1080,1334,1441,939,1343,983,1142,1018,472
1330,908,685,1459,1053,1371,1335,1074,1090,1475,1524,1116,1068,901,1285,765,783
871,665,1402,744,1496,1211,1528,1363,1073,1287,1167,1013,1207,960,1216,1357,333
1483,1168,940,1419,1024,1017,1201,835,1032,1305,933,1037,1159,890,1295,1518,307
691,1744,636,1329,1114,1128,1244,664,1182,1558,960,1067,894,931,1504,1169,351
505,1349,583,1633,1274,1744,1029,740,1110,1473,1111,1004,1478,860,1221,1023,540
895,1052,845,1393,1058,1728,996,1006,1219,1339,1063,1056,1219,931,1360,1093,148
1620,1396,1195,1200,1218,341,986,675,927,1608,1038,1078,995,901,1094,1585,991
1653,1366,946,978,795,1004,1250,908,1143,1473,1236,1034,1035,967,1191,1201,390
1229,1567,636,1208,1071,1423,1333,635,1093,1403,1039,1051,881,1019,1301,1464,143
769,1068,673,986,1143,757,1744,1675,1049,1412,973,952,989,908,1224,1725,297
1678,1273,1159,1349,837,727,953,852,1207,1113,1281,1049,1193,773,1251,1406,28
759,1256,782,1479,1199,1655,1067,888,1140,1328,1389,925,1481,890,1180,947,879
1248,1032,575,888,962,1573,1237,1645,1154,1460,1514,1139,770,881,1295,1067,485
1368,695,503,1422,1072,1689,1401,983,1072,1559,1541,1065,1098,932,1173,782,783
894,1604,631,1066,1394,877,1453,1208,1019,1247,1058,993,1104,943,1276,1615,361
834,1539,849,1292,994,1675,1149,838,1132,1299,1309,982,1368,992,1184,1014,472
433,1681,1276,1445,1303,988,1082,837,978,1414,1612,897,1434,902,1122,914,645
1062,1495,528,1312,1222,1596,1365,611,1091,1456,1048,1143,906,1016,1260,1360,143
645,1476,736,1569,1134,1067,1423,1028,1144,1625,935,909,1065,791,1498,1311,351
1743,1571,1167,1222,1047,589,779,584,973,1561,979,1100,854,970,1240,1485,991
1041,705,1269,915,1295,1079,1525,1388,1063,1232,1205,993,1403,885,1155,1344,333
1378,1317,654,1394,1238,1143,1391,730,1146,1389,945,952,1063,845,1418,1522,307
726,1085,647,1664,1230,1744,1019,694,1104,1337,1089,956,1500,975,1289,1030,540
751,945,597,1360,1079,1744,1058,1027,1287,1255,928,1069,1338,966,1341,1096,148
782,1027,1194,1362,1140,1407,1117,1236,1021,1387,1369,1030,1397,934,1258,884,879
1235,947,631,834,1030,1440,1412,1624,1126,1414,1448,1142,751,963,1439,997,485
1005,1512,570,987,1110,929,1656,1462,1084,1474,1010,928,824,934,1220,1702,297
650,1474,915,1377,936,1714,1184,974,1072,1477,1310,931,1321,967,1189,1013,472
1730,1341,885,1172,932,778,1255,809,1214,1260,1243,1105,1011,859,1182,1406,28
829,1391,793,974,1442,956,1603,1292,1142,1367,910,925,1077,935,1352,1527,361
439,1744,1105,1676,1271,893,1108,748,839,1397,1664,747,1562,884,1013,1016,645
984,1191,655,1433,1076,1650,1349,827,1182,1489,819,1120,824,1026,1468,1352,143
927,1644,922,1368,951,1264,1221,747,1050,1344,1229,960,1205,947,1203,1342,307
1744,1394,670,1068,1009,889,1128,995,1024,1405,1240,1009,1089,1071,1249,1193,390
1337,814,752,1420,1042,1469,1307,1027,1070,1359,1615,1033,1181,903,1201,888,783
814,1744,798,1354,1257,1093,1119,889,1139,1572,695,1077,894,950,1544,1409,351
1118,541,1318,778,1436,986,1589,1407,1048,1210,1234,980,1393,843,1265,1307,333
1697,1656,1238,1218,1006,512,892,709,958,1589,947,1050,918,978,1113,1624,991
664,1358,548,1615,1305,1628,1284,615,1093,1414,978,991,1392,1044,1346,1022,540
1032,1147,1329,1182,1394,1333,973,851,1062,1320,1633,907,1492,816,1038,995,879
944,972,780,1241,1086,1744,1199,979,1262,1280,975,1044,1248,940,1399,1132,148
1028,866,808,977,963,1411,1344,1576,1035,1417,1390,1093,885,974,1326,1118,485
755,1653,880,1296,872,1672,1062,842,1100,1290,1458,941,1460,993,1155,883,472
632,1631,722,1392,1252,1151,1341,1031,1158,1494,867,999,891,913,1554,1396,351
1137,1392,590,1139,952,1053,1598,1337,1079,1357,981,967,955,934,1381,1566,297
923,1550,608,1497,1239,1382,1306,686,1014,1421,1203,1000,1131,836,1294,1381,307
749,1262,742,982,1303,917,1643,1506,1118,1372,827,990,970,1000,1358,1599,361
466,1687,1258,1555,1173,959,1043,852,947,1385,1553,845,1418,1041,941,1046,645
837,512,1668,792,1314,1182,1384,1373,1112,1365,1134,871,1329,846,1092,1524,333
941,1352,571,1243,1213,1662,1422,683,1154,1419,1102,1053,941,1062,1326,1223,143
1681,1361,1139,1036,893,927,1068,723,1052,1515,1191,990,1173,960,1104,1295,390
1740,1619,1149,1136,1117,487,973,614,1030,1586,872,1101,869,922,1231,1628,991
1634,1345,966,1271,917,745,1154,1040,1165,1252,1181,1071,1130,868,1355,1258,28
488,1171,474,1702,1459,1744,1175,619,1135,1592,980,1111,1264,951,1366,855,540
1029,1030,664,959,924,1645,1273,1541,1149,1396,1485,1089,758,996,1409,992,485
1218,709,770,1422,1300,1451,1333,991,1152,1397,1470,1055,1020,871,1370,928,783
744,1302,542,1194,993,773,1733,1639,1053,1359,955,867,1026,1005,1223,1707,297
617,1615,709,1352,1189,1284,1256,1065,1112,1548,887,1059,936,917,1524,1297,351
808,1462,856,1201,1034,1640,1089,919,1129,1352,1202,1057,1285,983,1280,992,472
705,1618,1018,1364,1174,1465,1094,715,1088,1410,1450,858,1432,818,1085,1139,879
979,1628,737,1486,1141,1054,1289,802,1024,1436,1050,916,1040,901,1317,1524,307
649,701,676,1372,1172,1744,1327,1032,1233,1399,910,1107,1164,1023,1472,972,148
1734,1215,1124,1226,899,688,1108,841,1218,1208,1137,1108,1030,889,1186,1504,28
411,1732,1137,1555,1426,1019,1116,675,851,1350,1690,869,1584,994,939,958,645
833,578,1227,660,1636,1186,1671,1254,971,1409,1106,976,1361,853,1323,1281,333
1744,1531,1066,1131,1283,443,1031,630,975,1595,865,1152,904,995,1198,1596,991
1013,1202,562,1364,1042,1652,1393,882,1120,1266,825,1199,894,1157,1398,1421,143
793,1584,443,1020,1342,904,1618,1209,1096,1386,1053,914,1059,956,1361,1455,361
833,1212,502,1605,1489,1662,1133,575,1043,1467,1092,1054,1390,886,1291,1057,540
1675,1360,1144,1044,978,943,1116,843,973,1591,1191,988,1227,907,1085,1318,390
567,1628,721,1331,1267,1202,1355,973,1138,1633,804,1050,965,910,1458,1322,351
731,1609,712,1296,1086,1593,1098,877,1114,1390,1316,1019,1252,1024,1190,975,472
904,1352,624,1032,1057,851,1719,1593,1111,1268,950,976,1038,953,1320,1594,297
1317,994,676,797,874,1620,1038,1636,1076,1403,1440,1140,841,947,1258,1146,485
714,999,694,1220,1172,1744,1256,886,1211,1380,847,1101,1162,1093,1501,982,148
1277,1191,560,1482,1065,1285,1308,900,1056,1315,1069,1010,1067,902,1324,1537,307
1602,649,747,1210,1039,1445,1256,1127,1067,1433,1489,1144,1022,926,1219,923,783
1019,1336,889,929,1313,1124,1478,1168,1017,1390,1117,954,1182,955,1125,1524,361
887,807,1403,812,1386,1239,1423,1281,1003,1259,1255,937,1369,885,1201,1371,333
662,896,1025,1443,1321,1623,1250,896,1050,1271,1408,1000,1420,941,1232,958,879
644,1547,695,1358,1016,1704,1194,831,1060,1249,1366,1025,1335,1040,1201,1004,472
1088,1207,476,1397,1186,1744,1235,733,1100,1309,956,1190,891,1111,1360,1363,143
1698,1553,964,1011,914,894,1176,815,1145,1411,1268,956,1190,865,1143,1302,390
594,1152,638,1658,1292,1688,1057,782,1092,1430,1139,1010,1414,994,1368,833,540
1658,1189,1033,1349,1038,886,1034,851,1140,1264,1093,1118,1134,877,1259,1395,28
663,1563,614,1377,1250,1222,1397,1165,1134,1505,787,1060,917,895,1590,1360,351
568,1665,1317,1604,1281,932,1040,696,894,1314,1590,842,1632,857,1008,991,645
966,1256,497,1206,991,924,1637,1585,1138,1427,865,899,954,983,1345,1648,297
1744,1394,1128,1230,929,618,779,886,934,1543,919,1168,794,1067,1240,1609,991
1070,979,481,1083,976,1592,1231,1539,1137,1287,1421,1116,932,954,1408,1025,485
818,870,533,1262,1085,1690,1386,1046,1272,1383,1027,1021,1192,1000,1359,1026,148
818,1072,1454,1183,1145,1534,963,1039,1155,1181,1296,952,1529,879,1235,1053,879
768,584,1528,761,1463,976,1611,1457,1079,1279,1077,984,1276,921,1339,1325,333
1045,1049,767,1084,1009,708,1722,1647,1057,1327,927,911,1059,900,1290,1586,297
1259,1160,692,1262,1155,1564,1379,809,1068,1337,895,1186,877,1138,1272,1507,143
1208,948,625,1545,1051,1438,1437,979,1047,1504,1533,1033,1161,943,1269,754,783
1568,1119,1329,1132,1017,651,1206,1010,1163,1204,1195,1052,1158,887,1265,1356,28
719,1420,468,1032,1462,1014,1540,1316,1096,1387,837,1034,1006,922,1397,1584,361
799,1698,887,1403,1098,961,1166,1003,1170,1527,870,1061,992,871,1369,1420,351
918,1712,739,1398,850,1507,1083,774,1154,1293,1446,1042,1271,928,1189,957,472
1740,1553,1257,1086,987,394,913,733,1011,1503,846,1047,979,992,1179,1682,991
1275,1707,602,1529,773,1155,1300,766,998,1354,1120,926,1107,940,1348,1461,307
632,1258,641,1608,1445,1676,946,574,1118,1523,1019,1142,1292,979,1311,896,540
1675,1191,1359,891,957,746,1159,958,1034,1509,1131,981,1206,917,1161,1341,390
968,938,551,1019,1210,1434,1245,1729,1107,1451,1268,1054,861,960,1452,1127,485
467,1744,1130,1581,1382,816,1145,648,958,1338,1724,823,1509,917,1017,958,645
613,937,679,1272,1156,1744,1342,1019,1198,1382,1082,988,1347,869,1393,1021,148
940,624,1427,749,1431,1257,1495,1345,1037,1195,1141,1033,1419,787,1254,1412,333
1206,1228,551,1346,1086,1458,1433,815,1154,1273,936,1117,877,1057,1442,1424,143
865,1074,1228,1322,1142,1505,984,1116,1161,1193,1454,845,1494,790,1201,1101,879
1060,1481,865,1102,1253,782,1379,1310,1040,1345,1100,862,1171,903,1287,1572,361
1679,1219,1135,1137,897,816,1230,973,1214,1214,1048,1023,1108,868,1389,1416,28
1577,431,860,1581,1157,1420,1341,837,967,1512,1579,1101,1121,804,1236,917,783
956,1229,535,1076,1086,881,1720,1551,1118,1386,862,1020,820,912,1349,1663,297
615,1704,675,1385,1161,1308,1163,900,1197,1625,897,1057,973,774,1410,1346,351
1744,1467,1365,962,1072,365,922,648,986,1622,882,1186,879,1017,1220,1488,991
1391,1428,756,1215,991,1116,1416,664,1061,1509,1048,1012,987,890,1266,1503,307
1169,641,1441,815,1318,1061,1581,1201,996,1329,1113,1011,1300,898,1257,1376,333
1615,1398,1162,811,1008,871,1146,1143,1023,1400,1065,989,1103,979,1265,1456,390
1195,1057,542,1400,1037,1730,1302,815,1153,1323,1013,1103,899,980,1405,1404,143
884,1559,809,1207,1001,1593,1198,928,1161,1390,1169,929,1274,1114,1159,1084,472
1052,1518,633,1139,1123,990,1573,1173,1138,1390,948,1049,998,934,1389,1434,361
614,1177,681,1622,1433,1710,1115,633,1119,1596,1098,933,1294,937,1315,988,540
501,1571,1132,1548,1306,1182,1255,648,979,1375,1480,820,1468,1020,1035,1052,645
1029,995,670,848,1036,1744,1147,1627,1141,1419,1320,1034,855,1008,1434,1056,485
880,1053,581,1159,1177,1744,1194,895,1274,1348,991,1004,1188,1041,1411,1023,148
1512,618,611,1438,1089,1508,1469,996,1123,1483,1568,1030,1069,812,1261,934,783
642,1226,1173,1239,1172,1516,1212,976,1046,1387,1370,1044,1333,976,1121,1003,879
1737,1356,877,1325,780,756,1345,894,1314,1301,978,1019,983,839,1440,1390,28
1706,1502,1414,984,1058,392,947,581,1022,1398,816,1126,907,1051,1265,1617,991
1058,1294,457,1170,844,1031,1714,1584,1089,1390,944,967,901,971,1320,1622,297
1139,1591,603,1389,1129,1102,1349,619,1064,1384,956,1048,982,970,1471,1405,307
691,1395,1025,1126,1246,1546,1219,909,1194,1410,1176,1079,1288,951,1282,900,472
1725,1360,1176,900,852,837,1135,819,1114,1317,1208,1036,1078,996,1294,1237,390
954,552,1313,881,1514,950,1586,1337,1070,1341,1144,1082,1276,829,1317,1221,333
422,1744,1163,1553,1296,823,1114,824,942,1500,1602,929,1412,1012,957,900,645
949,812,653,950,942,1626,1413,1624,1150,1441,1362,1056,869,1017,1445,940,485
750,1744,647,1307,1054,1136,1395,815,1176,1498,858,1046,867,869,1613,1344,351
850,1458,761,1102,1138,1080,1482,1287,1141,1377,1010,1069,979,987,1382,1335,361
1063,1336,437,1128,1041,1689,1370,806,1068,1364,1031,1042,800,1130,1325,1512,143
614,1189,510,1650,1281,1744,1228,626,1114,1477,1029,1040,1339,937,1334,1010,540
1357,503,673,1243,1363,1445,1570,971,1068,1506,1447,1056,1012,922,1394,875,783
754,863,666,1308,1163,1744,1111,938,1211,1288,945,971,1269,1059,1387,1150,148
890,943,1403,1247,1134,1466,1148,977,1111,1349,1417,916,1405,905,1201,976,879
1692,1157,1344,1287,830,647,1124,925,1268,1066,960,1144,1138,872,1352,1480,28
1710,1549,1352,1014,945,522,1012,742,1018,1447,853,1106,887,982,1235,1639,991
828,1670,729,1258,1214,1190,1207,962,1157,1631,937,877,1001,755,1504,1403,351
850,1517,895,1223,910,1694,1248,828,1138,1373,1288,1000,1231,1069,1256,925,472
1335,1153,810,1480,886,1289,1404,869,1042,1214,1027,965,1196,866,1288,1652,307
944,984,780,965,1046,1597,1105,1667,1078,1472,1541,960,1024,832,1309,1045,485
1713,1419,1268,907,964,699,1095,1135,1042,1375,1374,890,1157,948,1174,1320,390
740,1310,603,1578,1236,1744,1180,684,995,1461,1151,1011,1413,931,1274,1042,540
975,1196,459,1109,930,967,1639,1559,1147,1216,855,959,968,960,1321,1653,297
1144,1251,474,1358,1177,1744,1336,687,1167,1411,851,1163,766,1065,1444,1413,143
740,1475,737,1065,1267,989,1625,1272,1149,1344,928,956,1033,874,1345,1645,361
1411,734,661,1324,1049,1490,1507,1042,1071,1385,1576,1105,1083,971,1297,720,783
696,912,662,1255,1241,1744,1189,1091,1245,1301,988,1007,1272,976,1386,1105,148
1708,1313,1054,1184,940,877,1112,958,1176,1124,1148,1012,1257,794,1198,1528,28
696,1460,1076,1259,1186,1533,1046,853,1057,1180,1536,928,1520,817,1149,1093,879
615,1744,1270,1564,1088,779,992,816,992,1240,1575,922,1385,990,983,1170,645
1010,628,1603,756,1366,929,1595,1301,1071,1279,1129,912,1462,854,1124,1449,333
1744,1421,1088,1118,986,588,837,835,933,1492,1029,1072,1035,915,1074,1615,991
1186,1744,721,1343,969,868,1339,660,1162,1421,1168,841,1035,920,1250,1483,307
616,1158,693,1723,1238,1744,959,697,1042,1523,1105,1100,1285,981,1184,1060,540
610,1744,598,1390,1171,1212,1160,933,1169,1567,851,1084,899,983,1621,1085,351
1057,1235,564,1335,1026,1677,1396,807,1081,1375,883,1156,901,1096,1310,1461,143
852,1201,554,1151,1106,852,1734,1642,1162,1360,920,901,966,848,1305,1744,297
882,1246,738,1017,1380,1117,1429,1421,1080,1346,888,908,1073,900,1367,1641,361
740,1572,857,1457,991,1559,1100,870,1117,1419,1263,1023,1365,948,1155,990,472
947,1087,1243,1145,1141,1708,832,1091,1047,1152,1533,924,1537,922,1218,945,879
848,1173,617,1400,988,1683,1246,984,1305,1326,933,1060,1157,942,1416,1141,148
1105,1141,784,962,924,1621,1045,1634,1096,1259,1601,1138,916,959,1229,1082,485
451,1584,1256,1510,1324,1050,1054,827,914,1413,1630,802,1559,959,972,976,645
1568,1439,984,1032,1047,858,1198,923,1081,1430,1170,996,1065,984,1162,1392,390
1420,676,706,1329,1112,1425,1528,888,1142,1407,1533,981,1208,794,1344,815,783
1744,1659,1309,1016,963,482,841,490,1042,1379,881,1105,997,983,1163,1721,991
851,628,1557,681,1534,928,1537,1471,1071,1164,1094,942,1418,897,1133,1561,333
1673,1187,1037,1385,841,817,1233,771,1226,1157,1193,1075,1126,813,1255,1435,28
968,1239,407,1151,975,875,1657,1682,1174,1286,977,940,948,925,1252,1652,297
1437,1441,939,1366,1036,843,1320,739,1109,1330,1090,933,1066,851,1314,1587,307
810,1439,1130,1207,1069,1444,1028,942,1110,1357,1326,930,1351,896,1253,1057,879
1114,1179,617,1198,1105,1447,1685,670,1219,1381,1001,1220,792,1031,1452,1184,143
682,1098,528,1615,1229,1744,1251,712,1161,1489,945,1060,1228,1103,1351,943,540
864,1744,727,1415,1143,1253,1103,874,1108,1580,804,1108,936,929,1445,1366,351
896,1332,668,1005,1354,1027,1548,1368,1069,1403,789,1047,978,944,1385,1636,361
682,850,618,1303,1121,1744,1422,1115,1292,1359,943,1024,1233,984,1255,1190,148
663,1740,1183,1580,1296,734,1135,775,995,1331,1583,839,1376,943,1070,1104,645
846,1660,768,1282,865,1596,971,897,1152,1261,1430,924,1343,938,1186,1046,472
1642,1625,926,1043,976,884,948,882,1031,1326,1317,913,1228,968,1131,1366,390
911,1282,511,964,1064,995,1701,1560,1093,1339,940,959,923,971,1274,1704,297
971,967,895,953,847,1646,1174,1662,1151,1318,1540,1077,900,925,1352,1017,485
1686,948,1198,1167,1058,659,1247,1099,1224,1226,911,1051,1146,829,1294,1548,28
1744,1530,1329,970,1001,434,904,750,969,1455,960,1080,1011,932,1118,1710,991
1445,739,826,1389,970,1342,1286,1114,1045,1390,1705,893,1232,792,1085,1052,783
1329,1516,895,1270,1056,1207,1110,652,1102,1205,1276,784,1159,868,1277,1567,307
1260,871,1245,812,1157,925,1539,1284,1116,1215,1231,921,1205,889,1320,1383,333
795,1226,1092,1259,1161,1689,1067,839,1002,1375,1377,1003,1424,892,1085,1122,879
864,1637,901,1134,836,1512,1237,1054,1127,1288,1247,935,1326,1087,1227,1043,472
640,983,535,1325,1325,1744,1382,1108,1184,1543,984,943,1210,901,1376,1139,148
638,1439,861,897,1403,868,1605,1346,1124,1385,806,908,960,960,1416,1609,361
1282,1569,620,1308,908,1245,1351,817,1115,1241,862,1084,880,1159,1441,1480,143
941,1025,923,990,839,1496,1114,1649,1075,1394,1490,1058,836,964,1373,1090,485
455,1017,690,1648,1481,1651,1066,758,1031,1525,1064,1116,1349,958,1312,925,540
752,1575,831,1546,981,935,1151,1111,1117,1456,885,1044,1053,897,1367,1461,351
365,1666,1255,1583,1418,949,1124,823,967,1472,1513,900,1465,931,1046,986,645
1670,1539,745,1286,1034,603,1286,801,1196,1313,1199,1093,1015,893,1206,1365,28
972,1357,495,1049,982,928,1567,1522,1024,1300,1200,819,1019,943,1137,1668,297
1129,1408,609,1392,968,1545,1340,773,1076,1353,895,910,1087,973,1466,1501,307
1744,1572,1396,1003,906,385,890,681,992,1330,966,1098,989,1031,1148,1649,991
1515,740,705,1470,907,1263,1131,1289,1179,1347,1620,1053,1001,953,1228,884,783
1584,1435,1180,1094,854,1076,890,1041,1159,1375,1196,880,1196,954,1194,1326,390
1001,716,1362,799,1531,833,1663,1303,1008,1265,1144,872,1552,829,1116,1480,333
881,1139,1108,1285,1058,1678,1021,1045,1108,1322,1320,1075,1234,871,1155,1195,879
1123,1307,507,1010,890,1681,1058,1567,1111,1446,1673,982,888,870,1299,981,485
802,1649,610,1032,1099,1091,1661,1134,1167,1234,1141,982,1038,1005,1366,1347,361
792,1430,822,1286,1096,1736,1162,861,1159,1332,1305,925,1314,969,1192,1084,472
814,1744,542,1334,980,1272,1179,788,1163,1549,971,1085,855,882,1460,1310,351
508,1744,1051,1508,1291,1207,994,567,990,1515,1693,853,1348,908,979,985,645
1128,1599,651,1394,962,1077,1325,731,1050,1372,1219,978,1041,949,1229,1434,307
1632,1080,969,1176,1031,944,1206,897,1189,1320,1157,1130,1008,866,1241,1369,28
1667,1556,1232,1089,964,408,968,614,952,1549,828,1129,941,926,1182,1649,991
711,1095,462,1277,1067,1744,1365,931,1309,1202,964,978,1323,990,1322,1192,148
951,1379,599,1050,1101,747,1622,1503,1128,1337,1044,827,1049,887,1210,1736,297
1152,1340,482,1290,1101,1733,1288,688,1114,1282,1045,1254,762,1209,1235,1379,143
1043,843,639,1186,1148,1680,1521,1041,1151,1420,1372,1052,1008,884,1388,983,783
740,1473,537,1648,1187,1691,933,577,1069,1407,1125,1178,1343,995,1223,940,540
1526,1628,861,1173,807,1071,984,861,1048,1541,1125,923,1074,978,1093,1498,390
929,1105,1131,1210,1096,1652,933,1137,1073,1275,1356,922,1411,992,1122,1129,879
949,529,1265,790,1466,1230,1687,1244,1054,1323,1148,1020,1251,849,1238,1397,333
915,1363,413,1199,965,878,1715,1579,1120,1298,950,913,903,976,1307,1723,297
1472,1331,659,1243,1066,1253,1368,764,1065,1411,1098,1056,906,942,1279,1523,307
1634,1539,1018,1002,1139,523,1279,574,1034,1541,903,1134,866,995,1177,1630,991
986,984,703,974,950,1566,1216,1689,1084,1417,1361,1140,887,894,1367,1130,485
865,1604,731,1224,1197,943,1415,1223,1080,1261,1020,1035,1090,1002,1290,1502,361
773,1611,761,1215,950,1724,1134,749,1094,1390,1274,1015,1282,1049,1100,1076,472
1231,584,460,1645,1157,1625,1392,1060,1097,1517,1364,1099,1036,937,1332,898,783
574,1022,765,1578,1339,1744,1207,620,1095,1480,1096,998,1421,998,1279,913,540
400,1744,1001,1712,1104,1182,1103,615,990,1480,1550,808,1410,977,972,1076,645
1451,1134,499,1381,1152,1505,1192,797,1062,1319,706,1231,782,1140,1450,1575,143
527,929,533,1401,981,1744,1447,986,1210,1400,911,1005,1283,1064,1359,1048,148
1742,1160,1011,1147,970,842,1057,959,1251,1181,1070,1148,1028,871,1352,1379,28
739,1666,600,1393,999,1301,1369,1020,1135,1511,792,1042,899,908,1467,1526,351
1175,639,1418,813,1332,1272,1420,1183,1034,1273,1291,893,1419,870,1185,1277,333
867,1190,385,1046,1127,965,1744,1583,1089,1527,969,881,847,879,1216,1683,297
1208,1583,632,1445,1068,1203,1223,694,1085,1270,1144,1014,1069,835,1268,1509,307
668,1235,1214,1406,1122,1669,897,1024,1063,1291,1495,921,1386,851,1127,1132,879
1744,1248,966,889,923,948,1067,1013,1028,1348,1127,999,1155,936,1207,1467,390
779,837,630,1266,1016,1742,1269,1144,1178,1277,1035,999,1366,1022,1313,1090,148
605,1569,1405,1461,1291,923,1071,736,936,1307,1661,820,1580,944,972,1008,645
1231,455,671,1259,1171,1554,1581,1106,1099,1370,1529,1021,1060,888,1425,887,783
1744,1646,1177,1035,1062,471,868,636,1015,1464,981,1095,928,963,1188,1626,991
1554,1250,1247,1181,814,823,1189,927,1135,1103,1123,1129,1183,832,1257,1518,28
951,1216,701,1059,1235,1268,1571,1268,1063,1363,818,936,1064,976,1471,1549,361
857,1426,878,1249,1004,1637,1098,766,1116,1365,1347,952,1394,977,1157,972,472
1407,1325,612,1334,1000,1387,1166,878,1032,1171,871,1149,915,1182,1307,1653,143
589,1262,753,1628,1218,1710,1113,590,1083,1498,1010,1010,1342,982,1315,1040,540
1232,860,761,1123,865,1595,1181,1565,1115,1361,1504,1048,991,937,1237,1087,485
541,1666,682,1399,1228,862,1399,1034,1051,1570,932,1048,996,901,1468,1269,351
1342,1110,538,1477,971,1633,1360,654,1198,1252,766,1120,880,1046,1518,1476,143
1516,1444,846,1435,938,1043,1263,731,1067,1400,1077,971,1083,869,1296,1517,307
1101,1242,552,1153,838,867,1598,1663,1108,1372,934,884,968,982,1308,1689,297
1744,1513,1451,1190,933,303,967,577,1006,1460,701,1078,950,955,1347,1663,991
816,1620,791,1302,1123,1590,1068,837,1093,1483,1466,923,1263,951,1086,1015,472
1744,988,1176,955,1037,803,1083,1019,1111,1376,1222,902,1321,844,1142,1362,390
1028,729,1484,734,1459,914,1459,1427,1065,1277,1098,1034,1285,863,1282,1376,333
710,924,582,1353,978,1744,1249,888,1308,1316,1031,961,1279,1047,1330,1008,148
1586,1611,1089,1139,951,666,1087,970,1234,1270,1235,975,1098,829,1176,1463,28
498,1744,1097,1585,1267,895,1065,593,960,1471,1647,890,1379,1036,939,958,645
1085,926,531,1013,997,1672,1203,1720,1133,1497,1333,1183,786,934,1375,1039,485
705,1287,565,1641,1370,1744,1146,488,1018,1485,1078,1007,1337,923,1331,1101,540
1592,780,716,1542,1059,1294,1270,870,1098,1371,1586,1061,1141,827,1230,944,783
598,1181,1283,1141,1163,1641,1183,1020,1149,1384,1241,991,1313,898,1278,1026,879
594,1663,508,973,1177,1135,1744,1090,1046,1475,949,1060,984,962,1327,1442,361
695,1645,729,1409,1196,1046,1368,1080,1101,1618,875,1041,908,903,1441,1364,351
1744,1659,1064,1165,1007,612,851,567,938,1531,929,1083,966,902,1107,1686,991
974,1491,476,1202,897,1581,1498,845,1113,1405,948,1108,815,1097,1320,1432,143
1744,1384,1250,795,984,782,1156,801,1070,1537,1192,971,1083,880,1136,1411,390
1174,1691,645,1396,835,1154,1342,820,1041,1396,1103,928,1071,931,1333,1477,307
1379,530,795,1335,1056,1614,1336,1231,1082,1391,1653,947,1141,913,1305,781,783
798,1509,918,1318,1055,1569,1330,767,1089,1404,1197,1090,1294,1084,1142,980,472
1021,742,1534,596,1403,935,1630,1284,1074,1340,1112,989,1283,879,1276,1327,333
643,1606,788,982,1374,1082,1521,1200,1025,1515,1022,960,1101,889,1340,1428,361
667,1236,387,1312,1077,1744,1328,716,1231,1286,928,1048,1185,1089,1412,1101,148
504,1565,1178,1595,1275,1246,1018,551,971,1379,1638,876,1536,848,956,1063,645
972,996,612,925,1081,1653,1232,1595,1056,1434,1468,1128,903,905,1354,1017,485
802,1566,575,1081,1120,727,1611,1590,1031,1506,903,966,929,1004,1235,1583,297
1697,1346,1137,1247,889,737,1008,933,1140,1058,1017,1037,1264,907,1272,1579,28
610,1108,606,1650,1416,1724,1092,803,1024,1563,1171,1069,1300,996,1225,932,540
754,1640,780,1460,1138,1169,1222,840,1193,1596,773,983,905,879,1566,1352,351
884,1312,1099,1276,1048,1589,1016,821,1091,1180,1496,808,1622,876,1097,1097,879
794,1474,1056,1285,982,1638,1049,895,1169,1301,1324,963,1416,907,1210,990,472
1002,761,1552,716,1334,962,1535,1359,1043,1341,1060,877,1363,903,1239,1454,333
1744,1443,1309,1053,982,567,874,789,890,1494,852,1215,877,1011,1121,1737,991
1138,626,984,1207,1358,1419,1453,996,1128,1402,1599,1022,1100,910,1315,751,783
536,1733,1149,1533,1300,803,1206,784,967,1383,1606,748,1483,991,936,1165,645
1031,1411,432,1349,1042,1672,1467,821,1142,1336,934,1076,864,1073,1279,1554,143
1378,1323,875,1297,1180,1325,1225,669,1082,1362,1013,914,1096,900,1335,1550,307
658,1490,795,996,1245,968,1652,1308,1100,1367,995,956,1101,924,1313,1524,361
1604,1371,1061,1028,829,1088,912,1248,954,1394,1143,898,1169,996,1201,1525,390
1744,1167,1122,1173,793,784,1204,1017,1235,1210,1133,1081,1108,825,1333,1355,28
901,1140,412,1179,1026,758,1701,1702,1065,1382,980,876,1001,971,1228,1632,297
891,1054,426,1046,1220,1511,1300,1724,1081,1472,1417,1117,871,923,1424,952,485
641,1074,737,1645,1391,1690,1291,569,1064,1509,1075,950,1484,891,1299,1003,540
575,1744,725,1407,1082,1395,1216,823,1192,1604,826,952,963,824,1553,1321,351
647,927,678,1521,1008,1744,999,983,1221,1153,883,1197,1297,1093,1404,1032,148
1216,717,822,1379,1094,1464,1552,1000,1028,1646,1664,954,1123,728,1175,915,783
869,1308,1415,1284,968,1529,1024,810,1081,1277,1521,832,1511,870,1102,1086,879
1739,1696,1152,1055,1100,376,909,710,981,1549,992,1033,991,896,1122,1687,991
1281,1404,729,1277,911,1549,1266,670,1199,1337,875,1056,872,1120,1329,1492,143
890,585,1546,692,1404,1263,1462,1422,1004,1275,1093,920,1414,803,1206,1565,333
733,1265,910,1246,880,1731,1309,814,1130,1370,1247,979,1330,1059,1091,1074,472
341,1744,1168,1658,1133,846,1134,685,940,1312,1569,946,1563,1067,937,883,645
1206,1607,745,1290,1033,1062,1448,812,1056,1415,1098,906,1056,901,1405,1443,307
770,1309,788,1094,1141,934,1603,1352,997,1248,925,923,1081,1042,1311,1708,361
1602,1563,822,1331,909,770,1222,902,1235,1227,927,1137,1085,814,1373,1482,28
571,1114,573,1680,1368,1744,1249,615,1107,1502,1011,993,1308,940,1379,1040,540
792,1654,603,1491,1041,1162,1154,938,1204,1488,850,1020,874,835,1563,1445,351
1095,1302,510,1150,965,914,1626,1589,1094,1335,929,932,904,945,1325,1707,297
680,1077,546,1353,1059,1744,1098,1021,1151,1387,903,994,1261,1092,1423,1069,148
1106,1151,692,1004,831,1490,971,1744,1059,1274,1595,1073,958,938,1328,1024,485
1557,1424,1135,1122,973,1001,973,963,972,1355,1258,931,1263,946,1168,1387,390
1438,940,591,1295,1103,1404,1514,897,1057,1478,1618,1064,1053,868,1281,829,783
680,1125,1304,1182,1346,1413,980,705,1099,1203,1438,914,1477,948,1257,938,879
895,1670,778,1398,831,1593,1100,693,1183,1252,1330,948,1365,985,1154,1063,472
1704,1645,1034,1124,1072,551,926,554,992,1581,971,1138,913,940,1174,1571,991
1014,749,1304,861,1403,1010,1567,1329,1067,1277,1231,1003,1450,875,1174,1203,333
950,1205,481,1353,1136,1613,1592,714,1192,1411,878,1208,774,1092,1441,1284,143
878,1287,344,1059,1149,1020,1679,1560,1171,1323,853,981,889,995,1419,1609,297
1000,1713,684,1422,1023,1169,1285,644,1022,1374,1288,1039,1072,961,1330,1194,307
521,1145,637,1641,1465,1613,1160,672,1070,1523,1102,1047,1436,884,1380,838,540
589,1744,556,1331,1251,1254,1267,849,1189,1435,794,1037,939,973,1701,1193,351
592,1219,745,1018,1402,1096,1646,1441,1082,1414,970,923,1133,916,1258,1584,361
678,1714,1217,1525,1204,979,1000,684,944,1302,1560,934,1521,1015,1042,922,645
993,917,1179,1060,1318,1675,1091,977,1058,1359,1410,981,1441,811,1116,1104,879
767,1139,654,1122,1022,1702,1454,873,1219,1317,948,1121,1142,1035,1388,1110,148
1710,1563,872,1242,964,727,1124,846,1252,1120,1179,1052,1221,838,1255,1363,28
1736,1364,957,948,944,719,1108,1128,1020,1374,1342,904,1181,965,1150,1344,390
1744,1596,1182,1044,1090,355,826,563,970,1435,802,1092,988,960,1265,1708,991
1081,1099,561,1019,902,1525,1209,1715,1084,1493,1537,1067,887,903,1319,964,485
1176,713,530,1509,977,1483,1559,1073,1050,1560,1602,1110,950,865,1321,804,783
1055,785,1344,878,1262,907,1723,1321,1115,1342,1065,954,1253,829,1316,1406,333
879,1521,869,1276,812,1623,1298,855,1216,1371,1246,988,1332,987,1233,907,472
1055,1389,588,1289,887,1486,1517,760,1228,1498,887,1149,792,1079,1399,1248,143
629,1125,545,1629,1521,1696,1105,695,1002,1421,1033,1098,1432,916,1304,1074,540
609,1076,1265,1419,1122,1721,1036,848,1078,1333,1361,885,1433,988,1200,979,879
488,1744,901,1643,1090,1142,1158,696,1006,1431,1584,727,1405,878,1043,1177,645
780,1056,833,1106,1331,1223,1451,1412,1021,1344,940,964,1135,968,1323,1575,361
708,1009,698,1510,1122,1744,1109,789,1171,1335,986,987,1407,993,1173,1228,148
651,1744,595,1281,921,1269,1625,872,1203,1563,769,1130,847,950,1603,1201,351
901,1064,621,1004,1085,920,1664,1642,1018,1390,974,910,1086,854,1213,1702,297
1744,1515,1318,943,827,773,1166,673,1095,1445,1100,987,1034,919,1189,1511,390
735,1476,744,1272,1069,1698,1260,738,1147,1457,1300,961,1326,920,1196,973,472
1731,774,1204,1312,946,722,1079,1141,1205,1104,1156,1042,1257,790,1225,1501,28
1365,1377,873,1350,936,1259,1190,831,1189,1258,1162,921,1064,891,1296,1499,307
1267,963,639,1357,1067,1603,1434,909,1170,1461,1596,960,1066,820,1269,897,783
1744,1606,1054,1099,1028,527,967,775,981,1568,942,1053,931,904,1123,1657,991
915,948,1435,811,1437,907,1504,1308,1037,1352,1209,1011,1293,810,1163,1405,333
525,1709,1084,1658,1165,1029,1011,728,948,1410,1541,919,1508,942,1054,958,645
1077,933,737,962,983,1456,1130,1744,1059,1261,1647,1101,995,971,1360,886,485
854,1498,592,1305,914,1618,1469,670,1187,1399,910,1200,753,1023,1459,1349,143
864,1369,605,1737,1184,1652,1011,534,1044,1428,1027,952,1374,987,1319,1149,540
927,1015,1479,1257,1039,1473,1010,1065,1031,1191,1609,910,1530,891,1070,973,879
964,1288,383,1143,916,1070,1674,1615,1098,1285,959,1061,902,942,1261,1593,297
702,1382,713,964,1282,1232,1636,1154,1065,1410,948,1055,977,952,1355,1505,361
594,1022,589,1241,1132,1744,1282,892,1213,1380,1033,1078,1151,1066,1339,1020,148
535,1724,826,1280,1158,1390,1196,792,1009,1552,867,1069,970,978,1455,1380,351
876,1625,660,1327,1021,1663,1066,726,1096,1326,1380,990,1249,1039,1174,1026,472
1211,1578,727,1357,935,1126,1239,777,1001,1268,1003,949,1180,892,1302,1618,307
1335,860,1037,1249,1019,1439,1330,982,991,1424,1592,1006,1270,844,1126,1000,783
1671,1671,1071,1275,948,588,908,647,982,1541,1003,1099,1016,876,1211,1515,991
901,595,1346,734,1309,963,1618,1625,1060,1197,1025,862,1530,789,1070,1693,333
1721,1131,1070,895,890,881,1162,1154,1120,1293,1154,950,1274,784,1189,1516,390
616,1240,650,1572,1388,1725,1073,683,1082,1454,999,1185,1292,1057,1358,853,540
1218,1466,533,1331,1110,1471,1161,785,1092,1372,1025,1023,877,1038,1295,1434,143
943,1140,718,1080,1052,1375,1186,1624,1056,1407,1356,1168,838,1002,1431,1022,485
476,1734,1131,1693,1255,1132,1030,651,947,1391,1665,804,1482,1020,952,977,645
993,1277,360,1077,977,916,1744,1524,1125,1404,1025,1019,916,886,1313,1547,297
1617,1218,1121,1299,918,893,1186,914,1207,1223,1135,1015,1112,859,1297,1432,28
633,1120,1309,1374,1279,1617,1058,827,1057,1244,1548,946,1523,856,1066,1002,879
1051,1525,690,1421,1111,1241,1215,789,1057,1435,1089,894,1113,836,1263,1593,307
611,972,550,1396,1073,1744,1343,991,1233,1352,958,1018,1282,955,1328,1154,148
1741,1408,827,1204,800,1048,1082,886,1094,1362,1197,905,1144,926,1156,1496,390
633,1220,708,1694,1137,1647,1144,640,1157,1448,1133,991,1279,868,1358,1046,540
1372,784,887,1427,1068,1314,1333,1095,1086,1477,1396,1179,1099,889,1340,814,783
844,921,1134,1101,1271,1074,1316,1588,899,1265,986,941,1361,947,1213,1561,361
704,1694,640,1287,1178,1118,1342,960,1200,1536,913,1013,897,916,1517,1285,351
828,1565,732,1355,930,1730,1009,889,1082,1344,1280,1025,1308,1072,1184,985,472
1744,1343,1203,1133,946,518,1031,769,943,1523,785,1160,956,1017,1163,1608,991
1098,856,456,1470,1176,1564,1539,904,1111,1303,757,1167,861,1178,1394,1491,143
1067,672,1237,751,1347,1025,1694,1454,1116,1190,1032,935,1405,828,1234,1540,333
762,1671,1057,1647,1196,822,1011,649,876,1382,1632,875,1508,965,1002,1018,645
1051,749,827,879,1062,1566,1245,1694,1117,1378,1399,1159,843,1009,1361,1014,485
643,1234,624,1649,1311,1744,948,612,1136,1393,1171,986,1472,951,1192,979,540
973,1135,499,988,1123,856,1674,1689,1082,1246,1003,861,914,1055,1296,1700,297
1224,1492,705,1428,922,1402,1348,619,1052,1344,924,1086,1006,945,1453,1470,307
593,1126,604,1384,1012,1735,1232,928,1197,1495,1003,1132,1172,1005,1326,950,148
890,1183,1438,1390,1027,1369,1148,835,1148,1334,1543,803,1496,782,1188,983,879
1416,571,849,1474,1019,1540,1275,1087,1048,1384,1646,901,1277,950,1177,805,783
1728,1241,944,1210,1039,760,1109,989,1215,1151,1284,1055,1096,854,1271,1354,28
768,1581,775,1248,902,1730,1208,778,1106,1392,1286,1066,1346,991,1169,924,472
1036,897,1156,756,1485,1069,1562,1319,1012,1249,1186,984,1433,849,1135,1432,333
1718,1516,1204,1167,1017,581,918,685,1061,1528,864,1147,887,926,1165,1660,991
730,1417,902,1138,1211,829,1542,1453,985,1296,1067,915,1106,1005,1233,1588,361
839,1029,582,1214,1086,1719,1647,757,1256,1345,814,1173,756,1072,1639,1225,143
562,1275,633,1648,1454,1568,1072,678,1015,1509,1030,991,1472,955,1177,1131,540
1642,1255,1162,990,902,1009,1194,995,1082,1471,1108,917,1101,899,1126,1576,390
733,1742,730,1447,1162,1155,1157,876,1169,1482,1007,984,867,894,1501,1376,351
1020,1240,493,1160,1016,1102,1658,1482,1225,1388,837,968,747,981,1438,1688,297
574,1548,1279,1577,1272,1125,978,680,975,1331,1624,757,1612,784,1035,1097,645
763,1165,495,1310,1147,1744,1022,950,1238,1265,888,1061,1350,1062,1311,1105,148
1292,1617,508,1419,985,971,1344,874,1128,1248,1074,874,1100,864,1381,1602,307
805,1722,672,1413,886,1618,1039,759,1110,1484,1261,1049,1236,1150,1168,822,472
1110,1175,825,863,1007,1342,1243,1679,991,1440,1528,1087,841,912,1240,1222,485
1633,1194,887,1288,820,1163,1173,960,1277,1166,919,1120,974,1005,1480,1319,28
995,1001,1280,1223,903,1625,1009,840,1110,1250,1375,804,1483,1024,1161,1055,879
1336,594,614,1442,1288,1402,1479,1059,1125,1427,1515,1015,1140,799,1363,891,783
738,1709,813,1344,986,1024,1370,898,1186,1435,789,972,1020,832,1570,1461,351
1526,1564,1036,901,979,729,1255,921,1111,1434,1267,927,1113,861,1272,1295,390
887,1021,1429,781,1413,990,1438,1263,1118,1317,1130,910,1333,866,1145,1461,333
809,1192,558,1071,1301,1150,1604,1488,1078,1327,895,1007,955,1006,1347,1625,361
836,1216,479,1336,1173,1744,1110,898,1247,1252,938,1049,1262,1043,1419,1070,148
616,1662,1099,1627,1116,931,1113,799,924,1252,1629,846,1559,903,1024,1079,645
817,1173,443,1263,1044,870,1696,1642,1101,1334,916,953,873,972,1304,1659,297
654,1422,624,1705,1171,1703,1045,720,1109,1314,1067,954,1440,978,1335,1083,540
1744,1690,1149,1042,1085,302,909,619,1002,1426,930,1099,891,1025,1199,1690,991
1190,1304,597,1364,1077,1513,1273,865,1070,1415,966,1004,770,1085,1441,1529,143
833,1112,733,968,1002,1697,1224,1595,1118,1355,1527,1068,891,973,1401,947,485
1583,1057,1305,1367,932,750,1068,942,1251,1094,1048,1111,1090,858,1351,1477,28
672,1652,1569,1581,1158,843,819,856,952,1309,1631,813,1620,923,979,1029,645
1081,1652,559,1404,1188,1081,1403,632,1118,1228,990,1066,989,965,1562,1349,307
820,1522,990,1263,1078,1672,977,846,1154,1371,1401,988,1167,925,1142,1132,879
720,1529,648,1319,1079,1744,1218,729,1170,1484,1192,1073,1208,1049,1289,815,472
1507,877,644,1302,993,1360,1402,1195,1133,1464,1550,948,1073,885,1300,913,783
1510,1236,1121,1070,878,971,1249,1038,1044,1419,1209,971,1181,938,1213,1305,390
760,1592,602,1512,1205,991,1249,1044,1137,1531,753,1012,879,895,1559,1506,351
852,1371,643,1592,1239,1744,921,507,1140,1356,1030,1042,1393,914,1402,1003,540
756,1109,655,1245,1010,1744,1242,906,1201,1253,851,1120,1192,1079,1413,1171,148
1025,578,1665,694,1423,849,1471,1422,1037,1226,1233,1012,1369,821,1214,1368,333
657,1156,879,1044,1369,1263,1409,1411,1034,1362,920,858,1199,1038,1198,1586,361
1744,1451,1316,1098,1099,417,1016,723,1027,1459,818,1099,969,900,1170,1687,991
1025,1392,527,1098,1086,829,1626,1475,1142,1363,854,965,952,923,1380,1679,297
1043,1303,653,1335,1034,1697,1307,786,1150,1392,1079,1079,780,1108,1367,1325,143
1538,1121,1225,1308,1061,781,1102,930,1191,1208,1217,978,1257,791,1166,1472,28
1183,1401,643,1399,1191,1395,1362,642,1061,1366,926,978,1027,981,1424,1517,307
760,1287,1228,1428,1231,1542,1006,766,1110,1283,1350,962,1339,978,1184,1074,879
1443,484,960,1427,1126,1254,1347,1187,1023,1500,1604,1023,1309,842,1190,746,783
854,1088,909,978,1059,1560,1031,1636,1056,1471,1498,1091,899,954,1319,992,485
779,971,571,1324,992,1744,1217,1008,1246,1235,932,1019,1199,1098,1387,1164,148
1711,1375,1011,1063,925,945,1019,947,1111,1447,1171,1036,1130,941,1141,1303,390
747,1437,835,1327,981,1720,1136,922,1138,1383,1253,1038,1287,1032,1212,937,472
859,1402,676,958,1102,1105,1598,1393,1038,1234,982,1007,1099,920,1324,1621,361
1224,788,1551,774,1254,909,1493,1287,999,1291,1266,846,1339,900,1171,1468,333
1721,1395,1271,1162,1110,484,911,704,914,1463,716,1072,1040,1025,1112,1743,991
375,1744,1063,1608,1234,895,1119,646,935,1507,1570,849,1380,1007,1044,988,645
565,1044,599,1594,1448,1668,1123,720,1036,1594,989,1141,1215,986,1353,966,540
616,1719,774,1406,1195,1088,1182,1048,1154,1490,832,1037,954,902,1489,1419,351
870,1583,656,1084,942,779,1660,1549,1160,1470,992,966,812,978,1364,1525,297
1222,1553,956,1432,880,921,1339,744,1079,1283,882,1058,978,915,1467,1583,307
1588,1090,1061,1278,788,845,1295,1026,1295,1174,1066,1010,1091,854,1301,1489,28
1040,1392,724,1001,1187,931,1487,1456,1073,1261,1068,895,1049,955,1215,1664,361
1037,1285,582,860,772,1560,1378,1606,1060,1330,1421,1110,915,995,1343,1106,485
1569,1332,992,1036,914,1169,1232,954,1175,1483,1055,882,1093,897,1268,1411,390
1431,645,1020,1276,1146,1332,1460,933,1100,1456,1484,1144,1025,880,1380,774,783
772,991,497,1381,964,1744,1425,994,1217,1394,966,1032,1205,920,1434,1112,148
1689,1375,1179,1061,1048,672,873,672,975,1474,1140,1014,1066,891,1166,1554,991
727,1363,1068,1254,1262,1475,1101,982,1010,1297,1526,1004,1521,882,1066,973,879
1116,1129,792,1363,990,1495,1446,793,1116,1258,942,1238,856,1041,1441,1388,143
800,1227,532,1615,1081,1706,1179,839,1134,1372,1246,940,1402,852,1273,1061,540
592,1700,1082,1550,1234,1095,1095,633,1015,1525,1720,734,1419,859,927,1014,645
1051,1595,567,1097,1058,583,1598,1578,1065,1520,958,927,914,916,1176,1707,297
569,1531,778,1376,936,1590,1340,940,1136,1309,1292,1003,1423,981,1123,998,472
567,1744,590,1400,982,1290,1265,863,1152,1502,797,1041,989,859,1565,1368,351
1048,794,1517,843,1488,851,1556,1168,1055,1329,1218,893,1327,862,1252,1344,333
1371,1533,698,1498,912,1127,1285,739,1028,1310,1089,1025,1054,969,1419,1386,307
1473,767,656,1298,974,1553,1319,1195,1061,1460,1639,1039,1077,857,1216,907,783
1577,1268,1389,882,846,750,1179,1100,1012,1444,1093,937,1184,943,1264,1403,390
383,1520,1314,1644,1382,1062,1004,774,947,1396,1632,801,1507,853,988,1037,645
1698,1229,908,1200,909,839,1308,1045,1176,1249,1114,983,1117,752,1238,1588,28
874,1689,757,1178,879,1709,1122,715,1057,1426,1362,1053,1272,959,1058,1093,472
982,1130,616,1007,1203,1046,1738,1259,1049,1270,939,990,1068,1031,1475,1458,361
1744,1641,1039,1315,960,515,973,556,985,1536,896,1068,884,951,1277,1642,991
1084,1109,802,918,859,1624,1003,1688,1122,1309,1528,1032,904,960,1423,969,485
764,1216,622,1072,1065,1002,1545,1580,1029,1309,996,872,1102,892,1234,1615,297
588,938,514,1348,1143,1744,1476,942,1299,1498,856,1101,1036,1092,1374,1024,148
735,1190,658,1264,1185,1611,1530,850,1032,1508,1105,1067,841,1100,1278,1349,143
846,1161,1455,1231,968,1710,1015,731,1062,1184,1487,994,1539,874,1144,962,879
911,609,1312,746,1236,1283,1609,1470,1026,1413,1249,934,1370,772,1092,1424,333
662,1630,563,1225,1158,1356,1306,976,1139,1603,889,1031,884,828,1459,1447,351
1367,651,734,1436,1039,1346,1403,1046,1059,1470,1592,1254,1063,830,1243,751,783
1144,1714,803,1378,970,1123,1340,562,1048,1225,1059,1014,1120,868,1297,1627,307
538,1295,581,1612,1383,1653,1123,642,1076,1594,1098,1014,1258,970,1300,970,540
765,1271,950,1019,1157,1198,1464,1456,1053,1145,935,994,1175,945,1340,1678,361
1744,1157,993,1344,898,763,1141,907,1199,1111,1416,964,1262,884,1143,1301,28
904,1040,812,976,969,1695,1042,1607,1042,1407,1470,1113,982,927,1322,1017,485
454,1744,1367,1509,1187,1080,1051,592,912,1375,1731,858,1478,950,1013,878,645
973,1143,542,1155,979,890,1635,1533,1086,1394,926,880,949,985,1253,1616,297
1622,1371,1030,944,1120,910,1029,913,1091,1515,1251,972,1090,890,1225,1246,390
950,1639,909,1182,1014,1551,1111,742,1109,1417,1353,1028,1295,1029,1150,899,472
867,1083,1271,1240,1066,1500,1090,922,1102,1285,1491,879,1406,877,1143,1095,879
1744,1685,1204,1017,908,700,847,629,942,1485,915,1030,988,994,1271,1614,991
895,604,1440,805,1574,1083,1516,1349,1103,1351,1172,927,1229,861,1236,1401,333
1166,1569,932,1348,1012,1390,1202,586,1079,1253,1045,1033,1132,944,1377,1417,307
880,1608,670,1479,1132,857,1239,882,1151,1550,916,876,1055,885,1383,1454,351
705,1138,656,1637,1377,1743,1141,538,1128,1439,945,1117,1285,980,1237,1149,540
1658,873,758,1166,1047,1449,1156,1039,1069,1478,1643,982,1151,795,1239,888,783
831,1070,608,1368,1012,1732,1165,936,1239,1361,925,1024,1174,1013,1516,1028,148
706,1744,1338,1388,1115,817,1122,679,983,1352,1647,884,1431,909,954,1058,645
1102,1194,532,1302,916,1627,1521,717,1164,1221,853,1195,890,1117,1434,1406,143
1685,1318,1064,886,899,979,1344,843,1102,1514,1132,847,1072,1009,1133,1471,390
889,1636,815,1274,1014,1663,1056,744,1213,1379,1155,1064,1238,1026,1237,968,472
1736,1114,1015,1398,906,1001,976,1044,1252,1135,989,1154,1024,863,1341,1522,28
776,1237,1275,1138,1164,1659,1075,847,1225,1388,1374,1070,1263,875,1185,900,879
898,1118,775,1142,1198,941,1561,1505,1118,1236,884,893,1180,979,1333,1600,361
1057,1125,864,1072,874,1158,1086,1684,1088,1375,1527,1055,947,958,1292,1038,485
1738,1651,1197,1113,928,452,843,814,941,1559,957,1220,867,907,1197,1629,991
788,729,1519,890,1536,867,1671,1255,1015,1242,1053,985,1457,893,1100,1532,333
806,1614,699,1381,1378,1147,1076,960,1167,1559,953,1065,947,849,1545,1180,351
1035,1322,654,1055,988,1035,1497,1589,1076,1346,1044,948,1000,936,1188,1670,297
609,1326,547,1622,1337,1744,1342,534,1126,1413,1009,1053,1323,936,1446,974,540
1286,1324,647,1245,1076,1419,1278,695,1110,1355,1058,984,1082,949,1223,1519,307
803,1179,554,1360,1109,1744,1138,840,1219,1290,941,1059,1296,1036,1395,1044,148
1457,1033,836,1386,940,1375,1254,935,1031,1423,1653,1004,1282,795,1165,845,783
1673,1269,1186,1318,776,760,1161,854,1224,1151,1185,1110,1174,915,1229,1292,28
509,1743,1134,1595,1156,983,1057,681,980,1247,1680,892,1575,984,954,958,645
1744,1534,1288,1059,1068,413,885,555,886,1463,893,1131,1012,1011,1133,1686,991
873,849,650,1086,1106,1695,1217,1656,1126,1482,1334,1170,787,969,1474,938,485
717,1311,1024,1436,1089,1681,1102,826,1034,1212,1535,941,1620,876,1145,917,879
