l5e1,l5e2,l5e3,l5e4,l5e5,l5e6,l5e7,l5e8,l7e1,l7e2,l7e3,l7e4,l7e5,l7e6,l7e7,l7e8,maj_class
1226,1226,645,1194,1208,975,1487,1293,1017,1393,992,1010,1011,939,1298,1603,297
1110,1222,739,1266,1146,1681,1050,790,1188,1377,982,1029,1138,972,1349,1245,148
1272,1155,1173,1096,1180,1352,1095,930,1040,1373,1215,1052,1242,1000,1249,1103,879
1015,1409,876,1171,1209,1589,1094,708,1092,1464,1207,946,1262,920,1178,1210,472
1357,1415,877,1273,1171,1251,1184,716,1065,1387,1025,973,1105,871,1380,1474,307
1289,1289,666,1250,1217,1464,1363,742,1115,1470,1004,1032,952,1021,1270,1416,143
1714,1245,1107,1140,1077,920,1172,754,1138,1271,1176,1034,1216,896,1244,1305,28
1170,876,1103,1014,1408,1199,1353,1157,1051,1313,1100,932,1254,939,1213,1478,333
1140,1143,818,974,1184,1463,1211,1345,1089,1462,1373,1063,984,915,1295,1099,485
1113,1269,696,1471,1283,1614,1017,648,1067,1470,1075,1028,1233,923,1260,1213,540
984,1648,703,1317,1185,1235,1225,838,1100,1549,977,961,1060,872,1403,1358,351
852,1615,1069,1487,1288,1206,1015,668,938,1339,1498,808,1463,893,983,1194,645
1149,1282,658,1178,1268,1264,1379,1100,1014,1328,1063,969,1153,944,1242,1567,361
1744,1376,1171,1116,1144,771,1012,689,1036,1457,891,1080,1023,988,1266,1539,991
1453,919,847,1248,1292,1410,1283,799,1048,1454,1377,1003,1174,948,1256,1003,783
1580,1204,1114,1022,1088,1033,1002,962,1078,1402,1137,848,1220,941,1158,1470,390
831,714,1062,964,1410,1649,1369,1117,1158,1298,1141,967,1196,787,1441,1292,333
977,1185,621,1179,1118,1108,1457,1491,1142,1310,1050,973,1043,954,1283,1525,297
949,1005,537,1287,980,1744,1371,1062,1257,1408,961,968,1163,930,1418,1175,148
964,1228,1229,1249,1103,1363,1202,898,1174,1281,1321,841,1359,883,1285,1134,879
739,1514,1012,1259,1162,1236,1459,884,1118,1494,1276,969,1229,953,1227,1014,472
852,1396,882,1315,1248,1153,1382,1022,1191,1482,993,972,1067,766,1424,1385,351
1618,954,1157,1151,1019,1335,1048,902,1237,1201,1156,960,1209,769,1280,1468,28
957,1681,1254,1492,1152,705,1067,863,1041,1273,1380,808,1368,970,1091,1349,645
1581,1497,1044,1371,947,859,1025,698,1064,1394,1024,998,1031,950,1356,1449,991
1222,977,810,1333,1048,1579,1229,865,1141,1356,1070,1070,970,1026,1447,1200,143
982,834,915,1189,1104,1711,1254,1250,1150,1450,1349,1003,1053,855,1344,1049,485
1037,1216,832,1325,1354,1072,1480,930,1069,1500,1058,978,1047,910,1436,1282,307
703,976,861,1272,1190,1744,1430,959,1223,1374,1097,1016,1266,943,1284,1077,148
1497,1360,1036,947,1129,864,1242,961,1124,1410,1130,945,1087,927,1272,1385,390
1238,1110,868,1116,1181,1078,1363,1166,1129,1215,917,911,1204,964,1291,1576,361
984,1502,1015,1206,1150,1349,1141,931,1146,1346,1174,945,1354,970,1176,1169,472
1290,885,679,1347,1207,1375,1377,953,1204,1435,1348,1060,949,872,1449,963,783
1204,1450,1395,1372,951,1029,962,916,1107,1314,1414,942,1383,914,1158,1048,879
781,1526,687,1362,1116,750,1552,1292,1077,1440,1024,956,1002,946,1292,1543,297
835,960,1061,1019,1461,1272,1317,1328,1027,1339,1091,983,1265,942,1247,1386,333
528,1143,725,1539,1295,1702,1252,917,1115,1378,1198,941,1377,868,1333,1070,540
866,1472,687,1340,1316,1167,1324,885,1146,1443,996,1056,1107,928,1436,1168,351
985,1221,744,1175,1089,1597,1120,1163,1222,1252,1024,969,1245,1034,1264,1270,148
1212,1458,917,1268,996,1004,1234,920,1055,1308,1080,895,1121,967,1272,1556,307
1338,1480,776,1123,1168,1137,1231,920,1046,1350,1028,1155,811,1040,1322,1496,143
1614,1592,1008,1127,1079,647,1146,887,1026,1514,1021,994,920,923,1259,1565,991
912,1229,749,1003,998,1527,1205,1622,1078,1458,1383,1015,969,891,1286,1200,485
789,1478,1074,1367,1230,1339,1255,748,1122,1423,1290,928,1312,992,1201,1012,645
792,827,1259,877,1289,1251,1545,1347,1132,1308,1043,947,1275,833,1304,1438,333
1221,1460,675,1140,990,1195,1370,1093,1127,1252,1061,1067,975,1068,1352,1338,361
1708,1560,893,1154,859,833,1216,903,1259,1327,1181,1079,1111,873,1255,1195,28
1212,950,720,1337,895,1655,1349,1095,1171,1458,1405,962,1248,836,1144,1056,783
1457,1724,1099,1033,870,964,1055,990,1040,1291,1162,923,1279,1007,1100,1467,390
743,1025,675,1467,1233,1700,1155,984,1117,1569,1180,939,1361,803,1213,1098,540
734,1561,716,1289,1003,1343,1402,1218,1183,1616,941,1018,998,801,1491,1222,351
934,1420,777,1248,936,1596,1327,942,1139,1436,1181,1014,1330,928,1140,1112,472
958,1595,490,1235,1045,997,1581,1237,1160,1410,1054,1051,920,897,1277,1494,297
887,1161,730,1256,1175,1723,1193,968,1169,1378,1139,1020,1210,891,1348,1121,148
920,1477,915,1280,1063,1513,961,802,1102,1447,1237,992,1167,972,1190,1173,879
1068,1042,645,1247,1064,1520,1564,982,1037,1523,920,1067,918,1028,1358,1429,143
1038,1121,984,882,1019,1531,1046,1542,1107,1444,1421,972,923,869,1349,1195,485
1255,1611,660,1183,1076,1194,1386,827,1069,1308,1088,984,1070,918,1341,1444,307
1723,1481,1131,917,1032,657,1242,771,1098,1427,1094,1024,997,850,1361,1429,991
1274,1210,750,1209,1076,1231,1243,1146,1117,1390,1043,1066,1040,922,1219,1483,28
686,1246,850,1071,1198,1294,1447,1359,958,1433,1006,924,1066,915,1155,1692,361
1026,1007,970,1028,1480,1166,1375,1193,1016,1425,1156,982,1279,825,1243,1354,333
827,1483,1169,1220,1290,1037,1242,997,1009,1394,1335,877,1453,908,1100,1144,645
947,1427,897,1449,1097,1433,1025,1005,1087,1267,1395,1022,1182,998,1213,1104,879
670,819,701,1286,1282,1736,1260,1209,1184,1406,860,1201,1112,980,1445,1092,148
703,1734,666,1282,1338,1107,1182,1034,1120,1490,981,946,1060,927,1339,1399,351
784,1418,563,1205,977,1084,1595,1512,1190,1425,925,982,896,942,1438,1482,297
1137,964,803,1149,1002,1561,1464,1054,1123,1344,1530,937,1110,956,1338,936,783
596,1301,655,1489,1546,1596,1172,883,1016,1443,1048,1033,1393,954,1255,1138,540
1227,853,858,1164,969,1384,1319,1484,1165,1360,1253,1078,932,943,1402,1147,485
1002,1517,1035,1251,1119,1168,1394,794,1092,1457,1203,886,1132,874,1226,1410,307
1064,1169,738,1371,1126,1528,1235,852,1139,1258,997,1058,887,1145,1360,1436,143
1430,1528,952,959,1148,913,1101,1105,1019,1359,1138,960,1212,948,1168,1476,390
749,1548,722,1205,1254,1097,1374,1166,1066,1320,1046,982,1137,952,1300,1457,361
1744,1350,1161,1198,976,763,886,753,1106,1361,898,1053,976,986,1255,1612,991
705,1436,759,1302,969,1592,1307,1082,1194,1509,1108,1148,1092,958,1247,1024,472
1362,1262,1134,1307,872,1119,1183,921,1147,1207,1027,1157,1130,895,1176,1541,28
688,1670,1138,1479,1021,1148,1024,779,1035,1282,1393,927,1387,932,1090,1184,645
1104,1128,1002,1338,1139,1379,1092,1096,1075,1271,1414,1036,1265,795,1335,1089,783
845,1225,820,1176,1141,1648,1289,922,1150,1261,1000,989,1314,961,1295,1304,148
711,1672,851,1165,1260,983,1542,940,1087,1492,862,1012,1077,873,1462,1415,351
942,820,1265,865,1332,1195,1470,1364,987,1312,1333,945,1369,833,1267,1234,333
820,1497,788,1109,1097,1032,1562,1295,1140,1363,1154,859,1086,1018,1291,1369,361
906,1179,1086,1015,1298,1457,1352,914,1076,1325,1201,1038,1211,1012,1244,1173,879
1018,1276,514,1070,1000,1578,976,1610,1155,1271,1327,1001,1004,982,1399,1141,485
972,1480,685,1198,1134,1423,1362,887,1195,1351,1067,1053,990,991,1479,1154,143
1434,1412,970,874,1042,1038,1207,1157,1163,1278,1314,969,1142,1052,1367,995,390
856,1378,691,1143,1138,948,1543,1472,1122,1286,1018,969,1086,907,1312,1557,297
784,1113,753,1573,1288,1615,1095,898,1077,1463,1029,1026,1266,968,1274,1177,540
1064,1481,892,1295,998,1331,1272,837,1154,1322,1159,907,1152,921,1289,1376,307
996,885,646,1182,1182,1714,1212,1175,1165,1412,1046,939,1197,997,1386,1138,148
696,1623,1128,1351,1276,1119,1045,967,954,1389,1560,927,1357,1020,989,1078,645
1181,1025,750,1340,1209,1241,1466,1068,1074,1388,1385,1010,1091,890,1326,1116,783
727,1287,666,1309,1051,1626,1485,794,1082,1517,1264,929,1198,901,1377,1012,472
1625,1419,820,1267,1037,1008,1258,682,1048,1496,905,1147,865,959,1373,1487,991
1602,1524,967,1174,833,893,1000,1087,1179,1180,1194,1051,1148,895,1188,1445,28
817,1030,1015,1014,1411,1053,1426,1514,1058,1240,1242,920,1336,951,1249,1284,333
1068,1198,1048,1200,1081,1475,1185,1025,1090,1347,1418,968,1354,873,1185,1045,879
989,1120,788,1382,1030,1659,1331,789,1137,1431,1148,1013,986,1044,1263,1258,143
1269,1446,618,1092,983,1116,1569,1172,1137,1438,1151,1032,895,920,1373,1334,361
760,1711,675,1196,1068,1428,1331,982,1107,1487,907,1119,975,932,1533,1220,351
1582,1264,942,1177,888,1206,1196,1025,1038,1481,1557,1119,1090,891,1233,862,783
684,1181,607,1402,1337,1696,1329,748,1084,1541,1113,1031,1234,928,1324,1021,540
1372,1395,998,1064,1024,1039,1221,928,1097,1527,1212,951,1111,988,1191,1203,390
693,1488,1142,1501,1194,1223,1025,954,929,1330,1444,915,1436,1012,1101,1113,645
958,1149,911,1252,848,1704,1303,967,1207,1410,1339,1058,1152,974,1258,882,472
1588,1339,1009,1141,1000,807,1220,904,1148,1240,1139,1064,1213,828,1234,1414,28
997,843,1311,888,1435,1122,1559,1109,984,1416,1225,1020,1377,879,1148,1231,333
705,1258,587,994,1165,1058,1495,1519,1091,1343,1062,957,1125,908,1298,1451,297
1189,1413,739,1398,1007,1227,1309,902,1088,1357,1012,1091,1004,951,1339,1421,307
1059,931,906,1086,1006,1662,1143,1389,1164,1275,1450,950,1031,948,1248,1152,485
725,1385,1168,1328,1104,1450,1186,800,1093,1345,1338,1030,1276,909,1169,1067,879
995,1325,678,1208,1295,1512,1229,984,1053,1264,1019,1045,1104,1024,1328,1359,143
1487,1227,1278,1109,915,1011,1167,870,1051,1416,1227,982,1097,893,1216,1398,991
782,1172,694,1303,1016,1713,1131,1179,1201,1376,973,1126,1077,985,1395,1147,148
939,1086,600,1060,1287,1354,1595,1262,1092,1489,891,1036,1050,940,1308,1474,361
933,1570,625,1121,1368,1217,1342,923,1196,1552,803,1046,916,941,1517,1276,351
926,751,707,1414,1268,1319,1673,1094,1065,1579,1369,1041,1114,807,1291,966,783
1393,1498,1100,1133,972,975,1228,866,1088,1375,1267,879,1288,879,1179,1325,390
764,1428,744,1445,1185,1624,1239,678,1140,1435,1203,1082,1147,869,1273,1131,540
1721,1180,1027,1380,855,816,1086,978,1178,1243,1178,1031,1060,865,1233,1492,28
1628,1675,1040,1299,877,869,1046,665,1046,1412,1021,966,1083,901,1177,1539,991
1296,1367,622,1404,919,1504,1226,895,1084,1294,1032,1010,1123,979,1302,1456,307
887,1315,986,1289,1149,1561,1114,898,1120,1373,1407,911,1232,923,1329,985,879
1217,1102,641,1076,980,1532,1135,1420,1187,1380,1442,1111,862,925,1449,924,485
1260,967,1357,1054,1255,859,1362,1150,1006,1346,1322,924,1280,868,1093,1441,333
1118,1297,961,1146,1115,1153,1204,1262,1125,1295,1052,943,1115,979,1276,1495,361
1197,1347,676,1371,1153,1470,1145,824,1118,1435,1026,1016,915,1054,1397,1319,143
973,1583,580,1341,865,928,1623,1321,1053,1421,1052,920,1030,945,1174,1668,297
785,1128,660,1335,1011,1720,1323,933,1228,1399,1064,1014,1133,958,1382,1102,148
568,1741,956,1618,1088,947,1241,780,1009,1361,1552,868,1476,879,1083,1002,645
1491,1344,675,1256,1057,824,1261,1174,1208,1204,984,977,1143,938,1281,1545,28
1013,1452,1033,1420,914,1443,1093,814,1063,1453,1397,965,1305,860,1093,1144,472
910,1250,613,1545,1333,1529,1121,979,1052,1419,965,1086,1226,978,1319,1235,540
998,1682,676,1524,1089,877,1308,939,1221,1558,982,987,917,882,1469,1261,351
1399,1525,989,1140,1067,887,906,714,1022,1436,1109,1069,979,991,1252,1422,991
1209,1492,762,1195,1115,1216,1255,798,1105,1389,1111,1014,1117,922,1347,1266,307
1479,1509,885,1152,976,849,1207,1049,1051,1335,1160,1026,1175,960,1182,1391,390
1098,1269,509,1227,1069,1638,1559,881,1204,1493,916,1089,834,1000,1367,1377,143
1435,969,674,1374,1023,1247,1463,1083,1132,1408,1348,1158,918,989,1416,911,783
1203,1353,1138,1484,945,1193,1033,931,1179,1217,1323,940,1266,920,1235,1200,879
1227,1011,1028,1006,1076,1319,1278,1239,1087,1443,1273,1071,971,908,1211,1316,485
876,1331,528,1243,1056,1206,1575,1376,1150,1372,999,970,1015,969,1341,1464,297
1393,1505,1182,1400,876,858,1069,931,1176,1248,1327,967,1257,853,1166,1286,28
1005,1185,531,1169,1264,1241,1509,1254,1174,1412,835,979,947,958,1444,1531,361
793,1607,850,1298,1077,1395,1109,891,1063,1394,1311,939,1272,1055,1131,1115,472
633,1630,984,1504,1291,836,1135,817,971,1462,1522,887,1337,986,1088,1027,645
718,1543,765,1174,1099,1230,1576,1099,1106,1511,902,994,913,949,1538,1367,351
1285,1698,746,1303,1016,1200,1251,762,1121,1407,1111,886,1059,979,1293,1424,307
1393,1423,1098,1140,911,1141,1277,801,1079,1397,1114,1013,990,1039,1327,1321,390
1330,937,1361,759,1401,956,1316,1220,1012,1265,1171,993,1308,847,1073,1551,333
855,1217,610,1393,1209,1642,1171,1100,1140,1451,1174,1002,1168,978,1328,1039,148
1493,1413,1182,1170,1020,654,1193,1126,1179,1342,1092,1085,1055,860,1228,1439,28
1243,777,618,1390,1248,1504,1363,1133,1115,1404,1434,982,1168,847,1314,1016,783
756,1187,1078,1237,1042,1532,1285,1072,1087,1277,1372,1040,1299,868,1173,1164,879
1738,1514,1266,1161,926,654,977,702,1032,1372,887,1125,1030,1078,1239,1500,991
1102,1412,654,1139,1272,869,1368,1303,1007,1407,1208,947,1190,793,1139,1512,361
1129,1142,759,1196,1110,1625,1343,855,1119,1377,1016,1013,902,1031,1486,1336,143
1168,1136,930,967,915,1533,1045,1476,1094,1193,1430,992,1078,991,1292,1210,485
832,1359,602,1037,1176,914,1629,1387,1130,1379,1201,907,1047,904,1205,1432,297
780,1408,734,1301,1099,1547,1339,958,1095,1435,1188,953,1237,1059,1287,1026,472
779,1421,705,1587,1357,1500,1050,650,1075,1398,1229,1010,1397,866,1203,1102,540
1084,1112,1208,890,1233,1130,1517,1079,1081,1399,1109,1124,1181,956,1320,1110,333
1585,1525,976,989,981,759,1295,947,1013,1467,1250,1091,1055,1054,1173,1177,390
1077,1501,940,1421,1177,963,1193,966,1085,1437,991,1044,1099,789,1381,1441,351
697,1668,1259,1465,1245,750,1163,852,949,1418,1403,908,1322,973,1067,1240,645
1175,1723,855,1242,1197,899,1206,870,1057,1367,1293,910,1157,856,1174,1462,307
1618,1171,841,1212,1044,828,1452,990,1202,1335,1105,1042,1003,858,1359,1376,28
918,1473,361,1301,1001,1625,1317,802,1182,1374,956,1178,1042,1060,1324,1164,148
981,1300,1200,1288,1223,1312,935,1041,1010,1194,1484,925,1411,940,1158,1158,879
1089,1424,810,1009,1241,853,1505,1223,1107,1322,1047,978,1085,922,1372,1447,361
1096,927,838,1477,1140,1400,1187,1176,1083,1264,1516,984,1190,873,1313,1057,783
1743,1437,1151,924,1113,834,1109,765,994,1441,1017,1157,909,1036,1222,1504,991
784,1506,1148,1042,1063,1379,1235,925,1138,1332,1305,996,1323,947,1079,1160,472
1225,1108,930,944,1000,1301,1146,1616,1084,1232,1436,1054,1058,930,1246,1240,485
1457,1301,809,1049,991,1160,1364,904,1105,1306,1004,1075,942,1009,1341,1469,143
966,1603,780,1072,1007,914,1569,1230,1125,1405,978,988,965,1003,1247,1538,297
1499,1219,1156,1231,1035,1108,1178,854,1194,1295,1118,990,1172,863,1282,1366,28
734,1641,1062,1382,1175,802,1164,961,1034,1362,1510,972,1228,1054,1055,1063,645
975,1595,598,1398,1205,1362,1168,876,1120,1568,862,1081,927,974,1451,1297,351
618,1377,964,1412,1424,1480,1076,857,1056,1501,1107,1071,1304,870,1223,1148,540
1049,1690,645,1238,1067,1288,1325,873,1064,1344,1202,982,983,974,1205,1512,307
1110,935,1401,1000,1176,1094,1387,1115,1055,1332,1152,1033,1235,901,1170,1402,333
1494,1246,810,1132,1194,1238,1129,934,1046,1470,1236,1021,1179,956,1256,1116,390
1345,984,772,1132,1163,1245,1455,1184,1098,1284,1511,994,1195,978,1248,972,783
1245,1003,708,1135,1034,1531,1173,1367,1175,1500,1278,983,977,918,1290,1159,485
699,1456,1262,1349,1152,1408,1089,865,1089,1418,1264,934,1248,948,1214,1165,879
983,1169,588,1293,1077,1125,1640,1368,1060,1441,1051,992,960,950,1232,1582,297
1614,1149,1167,1295,989,965,1140,944,1195,1265,1244,1076,1113,873,1276,1238,28
912,1565,541,1029,1171,1055,1574,1339,1160,1402,1173,934,962,948,1306,1395,361
1209,1531,688,1181,928,1567,1058,930,1176,1503,1278,1033,1083,973,1205,1029,472
1031,1731,693,1168,1194,1216,1288,824,1131,1471,923,1110,885,926,1510,1324,351
969,1021,578,1265,1201,1658,1472,1062,1156,1489,996,1034,865,1041,1409,1290,143
687,1283,788,1347,1254,1716,1182,904,1184,1491,1024,914,1195,1001,1308,1163,148
865,1605,1162,1354,1077,944,1345,730,1093,1351,1367,983,1365,895,1121,1105,645
1679,1517,1199,1136,833,760,974,798,1074,1457,995,1063,1044,933,1219,1483,991
949,833,1359,986,1118,1326,1395,1294,1097,1338,1199,906,1319,823,1261,1337,333
1169,1604,792,1257,928,1382,1248,820,1060,1330,1143,1013,1154,924,1332,1324,307
1036,1204,843,1245,742,1418,1215,1577,1042,1355,1495,1026,1145,865,1287,1065,485
1744,1201,1042,1067,952,998,1033,1017,1086,1432,1280,954,1060,920,1248,1282,390
1299,966,984,1240,1071,1377,1158,1074,1096,1344,1469,1116,1083,934,1264,974,783
886,1481,927,1159,1200,1363,1256,964,1086,1333,1241,935,1257,985,1184,1259,879
882,1109,852,1419,1286,1666,1199,798,1119,1508,1109,937,1291,849,1271,1196,540
1457,1406,926,1325,909,831,1355,1005,1225,1295,1051,1020,1010,924,1342,1412,28
820,1183,897,1084,1218,1284,1328,1400,1083,1414,1058,1022,996,899,1278,1530,361
980,1252,342,1053,1208,1159,1651,1411,1119,1372,840,983,845,1051,1321,1611,297
1073,1083,705,1059,910,1744,1399,950,1282,1279,878,1108,1007,1130,1388,1208,148
959,1686,720,1305,1084,1184,1199,996,1156,1591,1044,982,901,844,1446,1273,351
1129,1222,850,1368,1136,1395,1304,847,1112,1423,1030,1088,954,1005,1328,1340,143
1093,1494,1428,1188,1061,848,1109,1059,996,1353,1508,856,1343,993,1068,1154,645
1280,1572,979,1305,953,901,1333,805,1072,1300,1217,1030,1071,931,1405,1254,307
876,1224,1029,1337,981,1585,976,1096,1139,1443,1362,889,1265,887,1201,1094,472
965,922,1030,1045,1005,1589,1186,1412,1050,1363,1491,952,1148,964,1216,1069,485
903,1076,1298,1049,1183,860,1597,1248,1055,1317,1221,971,1336,850,1232,1298,333
1605,1326,1053,1228,934,815,1052,1019,1022,1457,947,1096,1051,976,1191,1526,991
817,1458,1112,1152,896,1630,1082,969,1095,1342,1287,913,1318,932,1185,1189,879
1120,1211,699,1335,1016,1026,1515,1286,1151,1383,1013,1035,953,830,1301,1554,297
1456,1019,560,1304,1072,1453,1347,1069,1080,1499,1577,996,1141,800,1163,979,783
1546,1298,1241,1167,967,934,1140,974,1040,1373,1290,839,1285,902,1145,1406,390
919,1078,676,1207,1143,1700,1241,1054,1165,1196,1069,1003,1279,1098,1359,1111,148
853,1396,873,999,1269,1240,1392,1190,1078,1267,1115,986,1177,961,1349,1347,361
719,1032,713,1442,1501,1744,1209,626,1039,1475,933,1077,1323,923,1362,1144,540
1087,1275,643,1370,995,1483,1308,1039,1091,1340,1035,1136,896,1098,1344,1311,143
1613,1153,1101,1202,1097,1020,1146,873,1183,1202,1130,973,1158,868,1325,1441,28
1081,1016,543,1195,1072,1542,1423,1279,1013,1526,1160,1228,796,1060,1397,1094,485
791,1686,884,1525,1035,959,1213,936,1012,1355,1344,900,1242,969,1141,1317,645
1135,1307,639,1369,1032,1306,1457,926,1112,1315,1065,988,1042,930,1339,1484,307
687,1744,566,1346,1174,1275,1313,946,1182,1304,949,1029,1015,1031,1525,1245,351
652,1337,1108,1274,1046,1377,1149,1054,1114,1477,1301,911,1298,857,1178,1144,472
1739,1617,892,1187,1134,674,1119,674,1002,1528,1130,1065,969,898,1171,1454,991
1102,832,955,1074,1265,1111,1704,1204,1068,1465,1004,1075,1103,979,1254,1332,333
874,1476,688,1070,997,975,1679,1406,1143,1262,1055,928,1028,953,1279,1579,297
880,1175,882,1200,1171,1185,1534,1229,977,1437,1119,1041,1091,1002,1267,1346,361
820,1657,1180,1446,1064,938,1247,852,975,1313,1547,984,1367,952,1124,993,645
700,1486,1131,1037,1160,1385,1316,1047,1074,1359,1309,1043,1219,994,1226,1056,879
782,900,853,1449,1378,1587,1338,857,999,1501,1156,1033,1281,929,1324,1057,540
1236,780,817,1450,1363,1298,1415,843,1053,1579,1366,948,1195,819,1355,957,783
1620,1544,974,1007,984,861,1110,1024,1147,1283,1195,980,1163,984,1141,1370,390
1261,1160,785,1053,978,1432,1125,1486,1030,1378,1494,1134,961,968,1279,1036,485
812,1163,458,1334,1189,1718,1346,946,1186,1381,907,1169,1114,1031,1330,1162,148
1339,1189,512,1309,1177,1461,1269,782,1113,1385,995,1103,847,1160,1447,1230,143
1111,1259,813,1311,1106,1227,1327,984,984,1289,1327,926,1162,954,1274,1364,307
1546,1291,862,1220,1182,1150,1064,859,1139,1358,1096,1045,1048,1006,1272,1316,28
1613,1470,1099,1136,1164,588,1123,846,1023,1530,1132,1056,1005,941,1211,1358,991
761,1457,1002,1514,1229,1407,1126,784,1049,1410,1359,1000,1238,888,1283,1053,879
996,1472,999,1245,1006,1535,1140,887,1051,1380,1342,933,1292,1016,1132,1134,472
1088,1632,667,1271,1203,1120,1209,848,1090,1536,1081,1018,911,879,1401,1350,351
905,1009,606,1312,1154,1736,1371,989,1150,1391,1200,1055,951,1052,1283,1198,143
633,1523,1179,1571,1286,1024,1083,735,948,1403,1499,893,1339,889,1166,1131,645
1220,967,1205,899,1184,820,1569,1407,999,1155,1418,934,1425,889,1112,1348,333
680,1464,528,1577,1149,1609,1073,818,1092,1402,1175,976,1219,918,1350,1148,540
782,1279,722,1321,1276,1233,1472,1081,1046,1368,1017,996,1023,935,1346,1548,361
934,1118,534,1125,1167,1026,1744,1378,1085,1377,1036,844,1060,957,1262,1604,297
1150,1036,565,1561,1283,1319,1310,925,1016,1419,1531,1018,1147,857,1262,1016,783
1167,856,708,1000,1231,1381,1479,1379,1173,1552,1388,974,934,913,1329,1017,485
1467,1243,675,1057,1187,1194,1241,1116,1052,1526,1192,1034,1067,961,1208,1240,390
1594,1530,811,1240,1214,753,1142,796,1011,1432,1117,1015,1060,908,1255,1407,991
1498,1007,1023,1246,1110,1041,1436,887,1191,1303,1093,1140,1025,893,1336,1299,28
1061,1065,673,1130,1193,1652,1351,902,1239,1367,1012,964,1232,983,1363,1120,148
802,1623,733,1308,1181,894,1515,1018,1128,1591,910,1016,979,885,1387,1345,351
780,943,759,1053,1295,852,1680,1555,1075,1362,1026,945,1058,885,1333,1592,297
716,966,666,1530,1409,1698,1333,818,1062,1361,1087,1117,1304,951,1232,1166,540
1055,1304,731,1172,1207,1633,1363,606,1055,1302,1092,1103,996,1033,1446,1253,143
749,1660,1136,1448,1288,965,1166,771,905,1352,1579,919,1440,941,1026,1118,645
1293,1245,826,1264,1149,1224,1218,1048,1099,1280,1131,948,1197,850,1283,1426,307
820,1114,703,1247,1365,1226,1480,1279,1035,1378,1059,1028,1159,888,1354,1379,361
994,1024,1189,973,1356,1143,1338,1263,1040,1368,1086,1073,1156,930,1216,1411,333
850,988,512,1095,1261,1652,1311,1496,1121,1347,1255,1060,974,952,1394,1175,485
1630,765,750,1015,1354,1250,1350,1045,1079,1369,1385,1074,1135,828,1311,1099,783
947,1173,1190,1269,1077,1570,1154,867,1014,1323,1374,964,1322,981,1277,1025,879
1622,1333,762,1313,954,1234,1137,875,1166,1223,1252,973,1315,745,1199,1407,28
808,1491,864,1129,1262,1422,1279,955,1060,1480,1179,964,1322,922,1124,1229,472
860,1593,549,1374,1197,1065,1384,1146,1124,1575,920,1006,959,878,1501,1307,351
729,1093,683,1355,1105,1686,1386,1081,1175,1378,1000,918,1244,1017,1285,1263,148
1665,1353,1133,1115,1125,933,1139,611,1010,1431,1038,1047,1135,860,1173,1523,991
1192,1239,582,1161,1168,1035,1587,1299,1084,1384,1091,986,1007,911,1356,1437,297
1321,1340,840,1172,1042,1240,1346,930,1147,1255,1079,959,1087,849,1415,1489,307
1659,1146,1174,983,1030,1087,1237,820,1135,1354,1230,1013,1163,862,1245,1278,390
870,912,1252,1006,1393,1210,1352,1214,1101,1195,1216,1005,1213,1023,1375,1152,333
906,1226,604,1516,1372,1576,1181,726,1104,1445,1187,1045,1307,896,1267,1029,540
887,1345,843,1238,1252,1606,1316,779,1094,1324,1253,974,1240,994,1288,1113,472
819,1569,1154,1391,1267,915,1011,959,1033,1425,1481,890,1261,917,1082,1180,645
1101,1390,514,1245,1192,1459,1359,941,1163,1312,990,1119,874,1042,1357,1423,143
1573,1420,763,1189,1253,814,1351,872,1192,1257,1127,1036,1090,962,1280,1308,28
694,1461,847,1053,1251,1165,1404,1354,1074,1343,1105,938,1156,803,1300,1561,361
1014,756,853,1408,1286,1347,1449,1089,1104,1390,1414,1029,1123,928,1233,991,783
917,1227,1065,1263,1344,1361,1145,958,1121,1409,1241,918,1299,835,1276,1181,879
981,931,909,1227,1014,1518,1225,1461,1137,1328,1465,1044,974,965,1304,1063,485
902,1710,705,1185,1085,974,1328,977,1135,1426,833,968,1019,834,1470,1572,351
998,1063,647,1108,1200,930,1651,1439,1086,1292,1099,909,966,924,1268,1602,297
1549,1275,1014,1011,1325,895,1227,921,915,1551,1039,1088,1010,915,1133,1623,991
997,1071,829,1045,1174,1542,1262,1122,1146,1291,943,917,1279,997,1367,1340,148
989,963,963,1026,1282,949,1592,1501,1095,1376,1142,927,1108,867,1348,1417,333
1502,1458,652,1250,984,939,1187,1209,1132,1382,1084,914,1112,941,1288,1421,390
771,1707,922,1519,1050,975,1241,834,1021,1351,1445,844,1293,955,1134,1217,645
949,1044,641,1240,1172,1489,1616,910,1079,1436,1010,1112,770,1162,1438,1273,143
1328,1411,625,1375,1074,1221,1200,716,1067,1261,1162,1053,1099,985,1308,1345,307
977,1709,753,1241,927,1333,1376,827,1153,1423,1313,896,1115,1014,1274,1092,472
686,1386,722,1634,1195,1472,1116,869,1033,1448,1075,1117,1349,897,1250,1111,540
808,1457,928,1336,1222,1413,1090,943,1119,1429,1342,932,1254,872,1227,1105,879
1604,1297,945,1049,1091,904,1221,904,1145,1304,1193,1049,1018,877,1191,1494,28
1286,1183,726,1462,964,1281,1319,1059,1010,1409,1505,969,1222,832,1271,1040,783
769,1678,574,1278,1164,1155,1372,902,1072,1526,878,1161,976,854,1442,1371,351
913,1387,759,1022,1354,1066,1591,1167,1092,1390,987,1002,1076,942,1311,1455,361
951,1417,573,1030,1010,1408,1290,1239,1122,1548,1380,1005,863,974,1415,973,485
1125,1518,559,1431,1119,1065,1338,1125,1049,1424,1145,1035,1061,923,1213,1430,297
1588,1404,1438,1169,890,785,1061,711,1074,1364,903,1075,991,1059,1153,1615,991
1200,1191,771,1123,1278,1408,1272,926,1121,1400,921,1162,904,1038,1383,1351,143
904,629,1406,812,1290,1367,1587,1235,1134,1333,1134,977,1193,890,1254,1365,333
1485,1323,1039,985,980,1098,1313,911,1134,1434,1210,1020,956,917,1249,1338,390
906,1147,1144,1173,1228,1516,1024,1062,1089,1321,1300,1028,1203,1089,1279,971,879
853,1061,943,1286,1024,1578,1257,977,1174,1443,1130,1037,1171,948,1198,1179,148
1519,1398,814,1329,957,970,1304,982,1141,1341,1193,969,1071,866,1220,1479,28
1110,1338,657,1317,1258,1281,1406,882,1099,1419,908,1024,1050,942,1420,1418,307
704,1415,1246,1436,1277,1107,1225,866,997,1353,1576,804,1471,930,1072,1074,645
978,1509,640,1200,1272,1550,995,928,1160,1422,1208,1102,1069,1045,1221,1053,472
715,1460,593,1548,1278,1699,992,884,1025,1403,1148,1081,1345,1023,1328,927,540
1744,1415,1135,1075,1130,755,958,818,1005,1460,1107,1216,922,999,1111,1460,991
1107,612,806,1112,1407,1512,1529,1114,1035,1308,1478,997,1178,925,1380,938,783
890,1722,746,1224,1124,1298,1266,964,994,1378,1002,1024,1130,1034,1174,1528,361
866,1615,892,1211,1208,1048,1420,1005,1163,1511,913,980,1015,891,1566,1241,351
1013,1039,662,1153,956,1404,1408,1542,1100,1475,1262,1080,807,966,1377,1213,485
915,1187,477,1091,1209,1259,1662,1420,1123,1489,996,1062,885,999,1265,1461,297
921,1103,1303,1023,1229,843,1487,1371,1094,1333,1244,993,1259,919,1137,1301,333
1105,1402,690,1239,1264,1299,1500,781,1087,1379,1203,1078,934,1020,1383,1196,143
716,848,895,1336,1119,1607,1374,1174,1206,1453,967,994,1224,877,1413,1146,148
764,1190,596,1372,1270,1618,1301,828,1123,1457,1010,1180,1111,989,1367,1025,540
695,1146,1123,1245,1211,1470,1270,1069,1147,1378,1323,979,1326,861,1273,993,879
1603,1502,956,1298,812,859,1217,918,1237,1166,1226,1012,1230,805,1248,1356,28
1234,1412,927,1342,1062,937,1282,890,1023,1238,1167,916,1319,909,1225,1466,307
1546,1350,813,1261,1004,1031,1105,998,1142,1377,1136,1012,1101,944,1247,1321,390
970,1305,815,941,1151,1096,1565,1221,1087,1246,1059,927,1120,946,1268,1627,361
1366,873,822,1319,1193,1453,1275,979,1122,1614,1363,917,1061,898,1304,1001,783
1256,959,1140,949,1326,879,1478,1293,1070,1180,1155,920,1377,829,1231,1518,333
681,1643,664,1155,1083,1257,1402,885,1087,1455,1017,1072,901,973,1434,1341,351
823,1370,774,1281,921,1627,1153,1008,1130,1304,1316,1052,1209,1028,1237,1004,472
889,860,576,1178,1191,1703,1491,878,1205,1274,885,1067,1224,1091,1375,1159,148
704,1547,1247,1398,1382,825,1149,893,995,1384,1429,797,1496,948,1079,1152,645
1727,1544,940,1144,1009,1029,1031,670,1046,1364,903,1031,1018,1031,1199,1666,991
1134,1253,751,1174,979,936,1493,1494,1056,1280,1043,998,1097,873,1207,1689,297
1148,1089,586,1346,964,1601,1492,795,1126,1397,1115,1019,861,1032,1390,1340,143
1136,1132,818,1068,1051,1264,1179,1587,1052,1378,1354,1114,929,934,1305,1214,485
656,1273,566,1478,1432,1660,1213,883,1121,1313,1172,953,1347,930,1277,1167,540
791,1064,926,1384,1248,1512,1153,1116,1112,1234,1358,823,1491,888,1154,1169,879
1370,962,662,1226,1118,1437,1360,1082,1046,1430,1375,1128,1115,820,1218,1148,783
876,1047,640,1308,1133,1658,1378,922,1155,1304,1059,1031,1207,894,1339,1291,148
1152,1460,756,1440,855,1363,1373,747,1075,1427,1059,930,1132,966,1273,1418,307
977,1532,638,1135,1196,1086,1419,1167,1124,1400,1099,1099,1009,959,1217,1373,361
1623,1209,1018,1278,881,1049,1157,1019,1240,1205,1187,1010,1208,784,1281,1365,28
954,1518,675,1225,1073,1684,1231,811,1133,1352,1149,1069,1231,1034,1164,1148,472
1051,857,1376,926,1125,1391,1376,1135,1140,1302,1249,936,1339,834,1225,1252,333
983,1744,632,1340,1042,1125,1232,816,1188,1464,1016,1025,919,1006,1453,1209,351
990,1186,547,1090,1206,1079,1407,1631,1067,1314,1147,1059,991,1036,1318,1348,297
757,1650,906,1511,1273,995,1340,770,929,1336,1422,974,1349,992,1063,1215,645
840,1354,661,1341,1369,1422,1314,821,1067,1422,1054,1133,1014,1111,1314,1165,143
1509,1267,947,1074,1103,1214,1159,924,1128,1419,1118,977,1150,926,1265,1297,390
990,1299,668,994,1136,1543,1366,1257,1124,1533,1293,1061,921,1005,1391,952,485
898,1272,802,1519,1140,1577,1052,867,1088,1447,1214,966,1329,931,1243,1062,540
865,1549,848,1220,1001,1408,1318,902,1134,1396,1203,889,1234,1046,1151,1227,472
1608,904,919,1079,1144,1024,1257,1316,1114,1339,976,984,1269,878,1170,1519,28
917,1587,1266,1313,897,1330,1050,886,1099,1365,1360,975,1209,1027,1180,1065,879
1265,1287,816,1233,1003,1314,1288,1074,1033,1367,1049,857,1264,870,1069,1665,307
1183,1131,499,1426,1171,1571,1332,797,1090,1535,1487,1052,1095,868,1166,987,783
1583,1451,995,1069,1131,838,1075,931,1004,1439,1029,1155,931,1035,1326,1361,991
681,1599,836,1610,1064,1501,1148,722,1004,1350,1502,876,1308,1035,1062,1143,645
1069,929,923,925,1304,997,1574,1490,1101,1311,937,864,1194,939,1262,1613,361
1059,1114,554,1403,832,1730,1235,1069,1226,1293,1094,1041,1220,943,1392,1071,148
1126,903,1369,1063,1270,895,1359,1294,1085,1345,1175,930,1316,840,1178,1411,333
1184,931,943,976,852,1434,1220,1652,1035,1459,1389,1030,1023,890,1266,1188,485
879,1580,831,1580,1021,1265,1023,1013,1138,1502,1167,986,1050,935,1341,1161,351
898,1039,876,1509,1151,1637,1192,930,1107,1412,1138,893,1413,855,1228,1234,540
1447,1291,701,1337,865,1270,1390,973,1075,1437,1238,1006,1132,911,1229,1252,307
1587,980,1150,1060,1071,1009,1275,1095,1068,1484,1147,948,1234,836,1206,1357,390
1674,1001,911,1265,1058,1173,1037,1070,1238,1248,1226,996,1090,852,1365,1265,28
902,1383,529,1142,1062,1001,1674,1282,1102,1312,1025,949,1058,998,1229,1519,297
1180,1259,638,1245,1031,1460,1383,845,1106,1459,1001,1167,809,968,1379,1391,143
1159,1322,874,1261,1066,1325,1222,1051,1096,1345,1305,932,1386,926,1269,1021,472
923,1406,879,1269,1253,1129,1378,1014,1015,1361,1051,871,1167,946,1215,1596,361
1092,970,596,1052,948,1581,1367,1454,1129,1423,1233,1099,879,955,1413,1149,485
966,1578,1149,1513,1151,1188,990,720,909,1378,1385,940,1391,996,1063,1218,645
1092,1056,896,1232,1180,1505,1150,997,1050,1405,1425,940,1374,900,1222,964,879
867,1418,744,1369,905,1602,1063,795,1146,1262,1023,989,1410,1006,1137,1307,148
1731,1522,977,1215,1080,737,976,627,998,1445,1047,1165,929,960,1262,1450,991
1061,1500,526,1301,906,910,1697,1287,1037,1490,1149,911,997,978,1168,1527,297
1004,726,635,1258,1343,1584,1471,1017,1032,1538,1399,1140,979,882,1370,939,783
1188,1574,571,1347,903,1356,1342,755,1130,1371,1058,1056,919,1032,1312,1402,143
702,1551,631,1261,1179,1359,1436,1028,1227,1509,851,1053,892,944,1571,1233,351
1243,1724,791,1258,925,826,1372,791,1081,1419,1071,966,1081,908,1221,1533,307
1175,761,1132,953,1267,1241,1410,1341,1037,1451,1148,914,1162,830,1271,1467,333
1478,1466,852,1131,924,1054,1364,858,1059,1499,1148,921,1098,943,1204,1408,390
1585,1510,671,1327,925,809,1373,833,1183,1342,973,1062,995,981,1254,1486,28
796,1568,792,1434,956,1681,1123,863,1126,1501,1352,924,1198,819,1212,1148,879
874,1377,800,1447,1113,1500,1330,692,1014,1372,1236,922,1321,890,1306,1219,540
497,1744,994,1476,1093,1235,1332,749,1022,1507,1423,900,1249,923,1166,1090,645
1020,1198,848,1076,1085,1532,1090,1376,1000,1522,1346,1081,1029,851,1234,1214,485
969,1507,550,1044,1034,902,1631,1418,1094,1437,1023,1170,924,938,1444,1250,361
1264,1307,626,1359,897,1441,1280,1029,1118,1399,1512,964,1014,917,1433,923,783
941,1213,570,1300,1017,1674,1375,855,1122,1467,1028,1133,1113,996,1293,1128,148
1046,1356,865,1172,913,847,1700,1358,1071,1390,1089,872,1120,994,1191,1543,297
887,1513,840,1331,758,1500,1187,1143,1112,1317,1338,935,1258,970,1286,1064,472
1704,1163,1098,1169,976,922,1051,814,978,1359,1011,1206,998,1028,1151,1538,991
731,1214,1029,1226,1040,1536,1311,1127,1104,1409,1384,918,1254,907,1198,1106,879
981,1524,765,1409,1166,992,1354,1037,1063,1599,1002,944,1111,827,1365,1369,351
1261,1219,1096,947,1172,879,1539,1162,1097,1239,1226,952,1256,922,1263,1325,333
1440,1277,633,1214,1056,1184,1531,871,1069,1547,990,1041,877,1011,1333,1412,143
1369,1215,702,1173,990,1239,1260,1207,1057,1349,1181,990,1153,1068,1247,1235,390
718,1133,719,1477,1301,1744,1134,894,1152,1504,1170,1003,1259,920,1309,963,540
1268,1701,673,1243,976,974,1293,644,1077,1344,1096,1023,1078,848,1260,1554,307
673,1508,1138,1471,1146,1372,1031,883,1042,1455,1583,894,1354,928,997,1027,645
974,1185,770,1102,1258,1088,1307,1542,1137,1378,1295,1124,1029,905,1492,920,485
1689,1154,915,1431,926,939,1031,1113,1260,1213,994,1160,987,883,1461,1322,28
1019,1252,866,1048,1229,889,1494,1483,1019,1225,1074,926,1186,916,1251,1588,361
705,1475,753,1516,957,1693,1117,971,1074,1385,1261,855,1381,1000,1200,1124,472
1248,848,609,1423,1136,1487,1358,1081,1138,1360,1288,1203,1022,1054,1326,889,783
959,1064,627,1420,1100,1614,1255,1091,1181,1397,932,1111,1092,1074,1297,1196,148
1132,851,962,1199,1049,1460,1191,1436,1110,1428,1366,1000,979,976,1289,1084,485
789,1381,1081,1270,1041,1500,1218,967,1140,1295,1321,991,1339,888,1181,1107,879
743,1609,636,1418,1414,1126,1159,1025,1141,1582,978,1120,954,936,1396,1173,351
810,1503,1154,1601,1041,990,1081,908,954,1381,1619,934,1369,966,1010,1008,645
1481,1262,1119,1145,1077,935,1219,978,1041,1408,1205,1066,1133,971,1252,1204,390
1065,1182,901,1282,1125,1400,1324,1001,1107,1328,1078,1094,969,1039,1384,1281,143
1668,1409,951,1169,812,963,1112,1033,1144,1116,1222,1082,1225,807,1226,1458,28
1712,1322,935,1173,1112,921,961,770,1023,1382,891,1160,942,1026,1272,1584,991
841,1373,498,1249,1207,863,1658,1536,1083,1392,1019,961,937,1026,1347,1491,297
709,1253,945,1530,1299,1497,1166,868,1053,1444,1169,1050,1329,883,1317,1035,540
1252,924,921,1284,1092,1344,1190,1253,1082,1406,1539,1025,1044,923,1271,953,783
960,1118,1356,975,1251,924,1404,1260,1011,1380,1282,945,1285,943,1127,1307,333
1125,1290,882,1290,1089,1210,1434,944,1072,1308,1118,1033,1075,857,1245,1572,307
1112,1222,849,1050,1155,1339,1161,1370,1115,1444,1378,998,1004,925,1400,1016,485
972,1419,984,1322,854,1610,1099,901,1159,1316,1443,951,1364,913,1169,965,472
922,996,697,1076,1259,1077,1591,1589,1034,1419,977,969,1101,876,1289,1598,361
866,1402,525,1459,982,1633,1245,799,1163,1304,1130,1038,1284,1013,1327,1021,148
935,1706,1116,1548,1143,827,1053,700,986,1415,1501,849,1367,940,975,1231,645
1041,1208,935,1330,1069,1600,1125,827,1133,1375,1293,976,1285,953,1183,1082,879
1257,1315,594,1207,1077,1558,1362,849,1157,1464,1009,1067,896,1028,1444,1215,143
934,1125,721,1367,1314,1682,1234,764,1100,1503,1073,971,1301,974,1309,1049,540
1576,1115,996,1183,949,1096,1191,1025,1157,1252,1153,1013,1148,903,1311,1343,28
1238,862,1242,852,1272,961,1463,1369,1043,1236,1270,898,1384,894,1119,1436,333
1560,1103,1187,1025,868,1184,989,1193,1005,1305,1350,1021,1157,937,1238,1267,390
1300,1744,784,1298,1054,1031,1155,780,1110,1369,1173,1031,1108,918,1290,1281,351
950,1524,805,1462,1320,1010,1454,742,1078,1458,1182,918,1202,834,1198,1400,307
1732,1379,1039,1137,1120,677,1145,707,1021,1421,1027,1078,1010,859,1193,1612,991
1036,978,590,1257,1071,1482,1344,1522,1129,1392,1343,1114,956,850,1316,1180,485
861,1381,627,1058,1380,1040,1548,1346,1130,1316,1083,980,1106,950,1288,1427,361
826,1405,434,1336,1182,1737,1315,785,1246,1325,1050,1092,1115,1013,1437,1002,148
1206,1318,528,1249,1040,1655,1311,810,1260,1307,955,1128,914,1087,1354,1275,143
716,1345,673,1219,1292,1740,1264,753,1152,1384,1098,1131,1112,1090,1312,1001,472
1205,1384,566,1131,961,1008,1611,1292,1130,1377,1104,954,1050,850,1272,1507,297
741,1599,1020,1353,1411,947,1157,939,1070,1361,1396,1002,1250,903,1188,1108,645
1160,961,775,1223,1181,1557,1475,877,1056,1414,1470,951,1154,929,1214,1092,783
1289,1379,1076,1300,884,1223,1099,928,1187,1270,1090,1025,1152,900,1318,1338,28
796,1334,1038,1308,1209,1436,1036,1069,1063,1273,1382,951,1374,830,1200,1207,879
918,953,1392,965,1457,1059,1450,1001,1053,1424,1180,1059,1229,907,1169,1259,333
880,1103,925,1490,1207,1561,1193,893,1097,1403,1183,965,1437,856,1309,1030,540
730,1695,649,1304,1153,1341,1397,844,1157,1504,1123,980,1048,863,1420,1185,351
1502,1543,1032,1189,1087,944,1100,712,1075,1467,982,1030,966,998,1153,1549,991
769,1306,696,1360,1036,1744,996,980,1207,1395,1091,1030,1180,1105,1266,1006,148
820,1585,721,995,1262,1284,1441,1061,996,1440,1183,1006,1083,1045,1166,1361,361
1525,1346,1068,1082,1024,1038,1201,946,1152,1345,1211,930,1211,864,1196,1371,390
1179,1392,732,1322,995,1190,1448,972,1072,1272,992,994,1137,914,1344,1504,307
1248,1112,809,1431,1049,1211,1479,940,1035,1496,1346,1055,1057,915,1321,1055,783
902,1101,923,955,1003,1676,1176,1508,1136,1365,1235,1177,829,988,1462,1088,485
785,1645,1255,1402,1308,960,1095,675,891,1345,1576,840,1445,931,1048,1193,645
867,1482,1052,998,995,1511,1213,945,1092,1405,1391,927,1388,943,1103,1031,472
1056,1426,631,1045,1222,1643,1342,816,1014,1451,1121,1022,987,1058,1200,1344,143
835,1098,743,1105,961,1314,1556,1615,1110,1421,1158,916,1043,988,1220,1424,297
1494,1112,1103,1092,1156,1108,1211,931,1179,1326,1077,1023,1146,857,1246,1422,28
748,1188,796,1586,1336,1516,1167,921,1102,1392,1210,1076,1318,878,1218,1086,540
944,915,954,864,1479,1354,1576,1189,1101,1389,1069,929,1267,884,1243,1392,333
1491,1075,647,1498,1137,1189,1312,891,1057,1462,1439,1078,1190,849,1189,1016,783
823,1090,582,1310,1226,1560,1345,1106,1214,1417,1125,1071,1117,962,1377,986,148
807,1672,747,1259,1043,1331,1132,880,1214,1469,927,1032,906,945,1574,1213,351
771,1278,671,1392,1306,1643,1172,826,1133,1414,1234,899,1434,861,1255,1050,879
1677,1408,1005,1161,1199,842,1037,709,958,1471,1038,1051,1021,979,1231,1497,991
887,1292,670,1348,1039,1675,1240,898,1067,1335,1302,1010,1343,959,1197,1067,472
1169,1220,863,1443,1184,1213,1227,961,1068,1426,1075,1048,1092,856,1385,1330,307
1334,1089,662,1114,941,1462,1188,1475,1144,1346,1430,1088,946,898,1267,1161,485
898,1454,726,1284,1079,1559,1317,834,1166,1400,1056,1007,1057,974,1282,1338,143
996,1523,625,991,994,890,1647,1552,1048,1337,976,997,1006,900,1268,1675,297
1091,953,529,1427,1077,1542,1474,1107,1137,1532,1346,1064,945,951,1296,1009,783
1575,1118,896,1442,888,1130,1115,836,1204,1202,1289,1125,1193,815,1277,1175,28
1091,1513,639,1162,1275,973,1350,1238,987,1342,1142,999,1083,893,1307,1518,361
1475,1451,772,1168,930,1186,1158,1027,1061,1536,1161,1074,981,941,1310,1216,390
1658,1545,1136,1218,1045,797,967,694,1040,1554,1103,1053,1058,881,1133,1458,991
943,1619,1221,1483,1037,911,1057,927,1052,1327,1559,946,1273,952,1135,1036,645
804,1155,641,1376,925,1658,1303,944,1206,1319,1045,1053,1135,1016,1369,1137,148
912,1249,605,1535,1234,1480,1148,943,1041,1410,1087,1026,1311,971,1242,1192,540
947,954,1071,905,1394,953,1610,1404,1061,1412,1124,1027,1127,868,1206,1442,333
1384,1267,602,1026,837,1618,1114,1362,1064,1404,1361,1147,830,960,1373,1141,485
918,1472,845,1287,1254,953,1445,1029,1067,1540,1179,849,1110,821,1357,1357,351
1276,1226,589,1302,1048,1442,1415,982,1051,1393,1254,1102,953,1036,1254,1237,143
1054,1491,767,1304,961,1546,1223,922,1068,1405,1228,1021,1247,920,1188,1203,472
1508,1305,594,1296,1181,1112,1382,862,1125,1383,1004,967,1020,862,1410,1508,307
803,976,1121,1261,1188,1315,1258,1317,1033,1386,1357,1051,1228,929,1152,1144,879
589,1672,989,1524,1265,1013,1144,805,910,1383,1514,838,1491,964,1108,1072,645
736,1290,796,1629,1210,1586,1236,617,1053,1530,1161,969,1257,954,1299,1057,540
1143,1359,532,1058,1080,1170,1606,1328,1099,1464,1141,965,927,920,1271,1493,297
1509,1633,1018,1359,1180,775,994,689,967,1538,1044,1059,1054,998,1310,1299,991
775,1633,1006,1402,1081,1070,1266,799,1197,1500,871,1045,1022,844,1434,1367,351
1086,1354,692,1202,1211,911,1536,1225,1059,1544,1060,957,1029,983,1264,1384,361
927,1606,821,1335,1211,1078,1383,772,1010,1505,1200,950,1112,945,1268,1290,307
1030,1217,771,1326,1182,1528,1367,780,1177,1538,903,1108,946,989,1348,1271,143
1249,945,759,1197,974,1667,1304,1103,1052,1427,1494,1055,1178,940,1212,920,783
1457,1392,926,1240,1082,1062,1155,924,1139,1320,1292,1075,1098,884,1192,1280,28
1105,1000,1325,965,1114,1075,1426,1114,1001,1305,1267,964,1306,907,1266,1264,333
1017,1357,926,1335,943,1577,1167,935,1125,1406,1296,906,1310,990,1202,1045,472
811,1139,1141,1399,1083,1538,1114,1055,1007,1418,1352,932,1375,985,1201,1010,879
633,1010,580,1394,1288,1744,1243,1061,1209,1419,981,1013,1155,905,1508,1090,148
1598,1650,727,1223,1101,715,1095,827,1031,1476,1317,1035,1139,945,1111,1226,390
1117,1280,857,1101,1005,1340,1260,1312,1143,1444,1314,1084,906,867,1363,1159,485
670,1511,771,1520,1222,1611,1158,759,1096,1417,1097,946,1371,931,1361,1061,540
916,1518,843,1339,1052,1201,1315,908,1192,1533,903,1083,927,927,1417,1298,351
1051,1128,653,1474,1060,1557,1287,1062,1175,1347,1103,1074,1001,1038,1367,1175,143
1304,894,675,1413,1190,1310,1291,1203,1148,1345,1472,1009,1123,884,1281,917,783
679,1697,1141,1514,1241,1141,983,837,1031,1368,1387,835,1555,941,1100,1061,645
975,1708,770,925,1225,824,1512,1151,1101,1365,1148,928,1090,937,1229,1482,361
1052,1591,890,1357,1048,943,1384,872,1074,1279,1107,978,1184,897,1201,1539,307
982,1589,732,1186,1117,1576,1222,645,1204,1284,1294,1026,1238,1040,1212,982,472
1525,1654,958,1297,1100,760,1158,724,1091,1665,926,1126,860,897,1242,1468,991
1021,946,975,1009,1482,928,1515,1376,1130,1286,1296,964,1322,827,1247,1208,333
1018,1170,1061,1284,1352,1491,1050,795,1122,1271,1505,953,1389,891,1150,999,879
883,807,1012,1395,1176,1632,1151,913,1169,1246,1201,1005,1414,935,1302,1008,148
1447,1271,929,1258,1147,835,1107,1074,1219,1296,1272,1051,1116,898,1335,1093,28
1166,944,969,999,1055,1390,1259,1446,1064,1354,1337,1032,1054,956,1296,1187,485
837,1319,692,1290,1204,1370,1298,1013,1134,1457,1025,1053,894,879,1492,1339,351
1722,1183,1260,1013,979,845,1039,941,1047,1459,1200,917,1257,875,1134,1354,390
1114,1451,650,1186,1079,1041,1533,1145,1109,1447,977,942,991,910,1353,1536,297
785,1231,638,1557,1397,1629,985,749,1152,1413,1076,1108,1282,978,1249,1022,540
1615,1488,1194,1275,1092,857,872,770,987,1485,1099,1053,1086,871,1194,1505,991
900,1530,862,1440,1051,1371,1148,971,1124,1444,1366,983,1316,902,1179,966,472
831,817,1478,978,1292,1261,1321,1227,1156,1361,1156,876,1367,804,1241,1319,333
1032,1259,741,1394,1142,1350,1290,1003,1081,1360,1006,1118,1087,861,1396,1371,307
771,1744,884,1410,1198,915,1109,777,1008,1378,1523,956,1286,946,1055,1128,645
1136,1307,676,1043,774,1543,1248,1391,1084,1377,1434,1096,917,936,1294,1141,485
750,1497,869,1333,1294,1038,1386,986,1163,1493,996,927,1021,910,1475,1295,351
713,1177,764,1124,1288,1309,1466,1348,1100,1348,956,1118,1080,940,1368,1358,361
1005,1088,1283,1247,1080,1539,1051,840,1056,1354,1476,862,1484,859,1077,1102,879
858,1267,769,1167,1377,1013,1608,1168,1063,1398,1112,945,1092,927,1328,1415,297
1068,1595,472,1231,1096,1400,1521,769,1158,1448,989,1109,861,985,1388,1342,143
862,1353,548,1541,1070,1696,1303,763,1100,1547,1011,1033,1122,946,1389,1132,540
1504,1261,1034,1176,1040,900,1479,793,1224,1406,1142,1028,1118,898,1264,1200,28
1126,1098,751,1464,1186,1215,1399,1004,1086,1425,1387,1100,1053,869,1325,1035,783
826,1027,775,1257,1218,1588,1441,824,1238,1457,1001,1012,1150,910,1322,1189,148
1565,1456,1172,1257,1219,617,1045,796,1004,1529,987,1080,1023,839,1251,1546,991
876,1565,751,1261,968,1664,1095,919,1114,1321,1171,1016,1226,932,1285,1215,472
1485,1234,1017,1086,1353,969,1262,844,1077,1543,1229,1034,1111,973,1190,1123,390
1087,1327,714,1095,1137,812,1712,1344,1090,1467,961,953,989,913,1276,1628,297
763,1210,735,1147,1074,1501,1408,1419,1127,1460,1210,1009,870,961,1379,1264,485
654,1692,720,1414,1132,1204,1368,1011,1121,1487,907,955,1057,866,1381,1506,351
748,1451,794,1453,1172,1355,1367,784,1042,1492,1038,1020,991,935,1440,1322,307
465,1605,1022,1653,1288,937,1296,802,1007,1442,1361,914,1348,939,1220,1049,645
654,1502,886,1298,1222,1609,1125,832,1094,1349,1371,924,1329,927,1214,1072,879
852,840,1027,897,1229,1403,1533,1296,980,1395,1185,1011,1255,855,1280,1319,333
1587,1066,999,1202,1038,1196,1296,866,1206,1384,1056,1145,1007,931,1287,1264,28
676,1567,644,1290,1183,1047,1651,1068,1114,1445,946,953,1078,903,1362,1479,361
1005,1557,988,1280,893,1435,1105,955,1110,1249,1174,1057,1287,1004,1206,1193,472
1086,1330,645,1256,1044,1215,1412,1117,1138,1256,930,1057,1013,1097,1259,1530,143
926,1398,576,1574,1319,1641,1209,568,1069,1438,1273,1012,1348,926,1249,965,540
1692,1430,1018,1093,1210,636,1152,809,993,1477,1023,1039,1061,987,1147,1553,991
843,953,637,1259,1122,1740,1387,948,1188,1424,920,1075,1191,966,1385,1131,148
1043,1301,833,1150,1066,800,1539,1474,1089,1286,1165,861,1228,904,1211,1499,297
1144,820,1230,887,1383,1026,1476,1199,1074,1266,943,1007,1216,902,1268,1600,333
1190,1638,556,1429,1201,1138,1146,895,1059,1348,1045,942,1109,858,1289,1590,307
663,1625,708,1341,1237,1234,1304,1072,1094,1518,876,1075,1012,924,1401,1380,351
1671,1410,1004,1054,972,980,1158,911,1007,1386,1060,1053,1216,938,1205,1380,390
596,1689,1080,1374,1246,1325,1177,709,930,1298,1425,950,1474,932,1088,1183,645
1221,1183,695,990,1013,1447,1156,1517,1106,1434,1292,1153,872,922,1350,1151,485
1246,839,678,1323,1108,1650,1196,1013,1125,1496,1323,1050,1083,957,1286,960,783
1060,1408,739,1242,1080,1146,1329,1110,1082,1361,1030,991,1118,1029,1299,1370,361
1050,1223,775,1306,1131,1537,1219,859,1030,1434,1085,1163,973,1053,1321,1221,143
959,1089,849,1472,1281,1618,1089,800,1018,1505,1104,1047,1251,982,1263,1110,540
1626,1473,1277,1099,1162,683,1052,845,988,1423,1084,1096,1046,990,1233,1420,991
689,824,771,1366,1202,1734,1289,1000,1105,1415,882,1061,1261,1072,1369,1115,148
1372,1243,882,1269,1226,957,1375,932,1056,1299,1042,1132,1174,890,1203,1390,28
870,1546,696,1476,966,1581,1109,817,1091,1392,1380,983,1252,1031,1097,1054,472
911,1216,533,1177,1216,1228,1509,1464,1056,1432,1003,906,995,936,1340,1612,297
1110,1058,1081,1195,1282,1357,1255,942,1086,1301,1160,1005,1316,949,1264,1199,879
901,1375,941,1241,1376,1130,1238,1075,1017,1558,980,897,1193,782,1294,1553,351
985,992,1453,881,1358,1157,1393,1061,1000,1316,1171,986,1373,880,1135,1419,333
1667,1329,1013,1079,856,1069,1123,844,1056,1384,1262,946,1239,941,1109,1343,390
1409,1075,852,1270,1246,1167,1264,834,1029,1297,1127,964,1170,888,1297,1508,307
823,1289,872,967,1282,1181,1420,1372,1050,1388,1146,967,1093,963,1280,1393,361
1211,1171,701,1029,776,1474,1121,1572,1135,1311,1411,1029,969,949,1297,1179,485
918,1560,1131,1525,1190,966,1042,801,993,1286,1493,837,1497,868,1128,1178,645
987,1604,679,1337,993,1668,1004,836,1116,1201,1239,986,1327,1046,1314,1051,472
974,1326,440,1328,976,1130,1622,1371,1160,1397,989,936,1058,961,1253,1526,297
812,909,683,1571,1255,1638,1052,966,1129,1382,1065,994,1323,989,1309,1089,540
934,1460,595,1343,1123,1286,1425,994,1151,1427,991,1104,1049,903,1457,1198,351
992,980,763,1287,1201,1604,1439,867,1041,1374,958,1110,976,1020,1322,1411,143
1235,1096,659,1413,1009,1348,1280,1240,1081,1448,1315,990,1161,894,1233,1158,783
1619,1121,1001,1323,998,1068,1179,828,1175,1289,1047,1114,1130,908,1328,1289,28
880,1270,620,1311,1019,1720,1265,881,1239,1408,934,1045,1184,999,1359,1112,148
831,1265,841,1416,1118,1561,1122,1018,1183,1331,1275,1037,1300,916,1202,1036,879
1558,1506,990,1047,931,985,1234,842,1067,1436,1235,1013,1193,896,1199,1241,390
916,661,1207,1089,1337,1133,1481,1394,1103,1300,1133,994,1260,900,1271,1319,333
909,1643,776,1427,1034,1410,1016,873,1177,1386,1268,1093,1143,933,1331,949,472
892,1253,517,1107,1097,1630,1370,1414,1064,1514,1271,1144,868,935,1429,1055,485
841,1644,566,1295,1117,1034,1463,1299,1126,1357,1040,1039,1042,962,1417,1297,297
818,1420,510,1112,1249,1221,1633,1247,1073,1467,1065,1075,917,915,1412,1356,361
1737,1418,966,1314,786,904,959,852,1058,1492,927,1090,962,980,1181,1560,991
886,1234,1211,1257,972,1468,1139,1044,1134,1313,1253,910,1321,881,1242,1226,879
1129,1277,768,1299,1194,1505,1327,781,1052,1347,1043,1152,959,1106,1271,1350,143
1432,1067,1262,1251,1073,889,1144,1022,1148,1276,1263,1098,1099,917,1265,1214,28
858,1118,598,1306,967,1737,1292,1110,1184,1509,1069,991,1218,955,1322,1032,148
965,469,1140,816,1455,1221,1571,1433,1051,1284,944,1051,1156,924,1411,1392,333
584,1383,618,1544,1466,1744,937,752,1139,1472,1010,1202,1225,1012,1351,869,540
1126,990,945,1426,1205,1264,1294,1030,1093,1463,1413,1094,1076,1000,1197,944,783
1077,1611,615,1430,762,1248,1312,911,991,1351,1155,986,1097,959,1319,1422,307
978,1633,737,1454,1027,1233,1047,1007,1162,1420,943,1174,1020,927,1353,1281,351
870,1152,628,1109,1107,1147,1688,1450,1105,1384,951,937,1071,904,1294,1566,297
499,1638,971,1504,1436,1151,1105,788,1011,1305,1416,941,1328,1004,1231,1034,645
1635,1267,1147,1088,957,710,1256,876,1082,1361,881,1110,1032,996,1327,1491,991
978,1056,752,1036,1156,1562,1196,1480,1139,1467,1253,998,973,902,1446,1102,485
849,1418,821,1040,1270,898,1611,1344,1108,1385,950,954,1124,887,1347,1498,361
1539,1164,1082,1023,1086,1092,1175,1090,1099,1227,1083,1048,1194,850,1343,1436,28
1383,1093,1095,984,1146,1045,1336,1149,1038,1504,1044,1007,1154,887,1192,1454,390
1114,1495,778,1210,1065,1430,1268,833,1129,1257,991,1068,1090,983,1266,1496,143
1033,708,1190,904,1355,1261,1365,1458,1097,1364,1030,1072,1161,902,1380,1274,333
899,1466,866,1270,1185,1305,1261,1018,1093,1413,1076,1018,1192,1005,1217,1266,472
1408,930,654,1525,1006,1499,1188,891,1049,1374,1470,951,1305,856,1213,974,783
844,1196,861,1207,1270,1548,1151,1045,1216,1385,938,1009,1214,942,1417,1159,148
1148,1340,666,1362,1140,1189,1457,860,1052,1439,1144,989,1128,867,1292,1369,307
968,1278,820,1256,1276,1181,1450,963,1084,1630,967,1130,988,842,1343,1296,351
770,1626,1001,1509,1194,1067,1256,703,1014,1398,1491,826,1422,974,1121,1034,645
968,1410,708,1293,1210,1402,1385,894,1137,1498,1112,973,953,994,1370,1243,143
947,1065,1014,1272,1173,1457,1261,1091,1149,1237,1278,916,1445,835,1266,1154,879
1302,1359,763,1156,1277,966,1338,1119,1069,1457,1082,960,1065,908,1269,1470,361
1559,1343,1101,1114,1055,833,1297,821,980,1639,999,1140,967,946,1271,1338,991
733,1148,802,1133,1178,1464,1221,1569,1138,1379,1344,981,1058,924,1357,1099,485
1169,1273,621,1487,1203,1714,996,727,1069,1432,1146,954,1402,922,1248,1107,540
1612,1311,1133,1048,1027,721,1370,1053,1233,1260,1085,993,1087,837,1371,1414,28
919,1380,669,1205,1073,1029,1517,1329,1118,1516,912,987,911,982,1362,1492,297
1059,1109,1190,931,1371,1049,1453,1113,1046,1387,1316,939,1324,868,1155,1245,333
1486,1594,989,951,1107,829,1178,1006,1106,1415,1218,955,1124,919,1212,1331,390
794,912,669,1198,1263,1744,1291,984,1200,1361,975,1059,1207,993,1419,1066,148
915,1678,705,1249,1226,1184,1220,946,1193,1620,959,994,894,868,1417,1335,351
774,1467,839,1243,1254,1551,1225,845,1076,1499,1417,893,1248,929,1141,1067,472
1417,752,917,1298,1151,1309,1444,958,1026,1452,1447,1110,1056,846,1254,1075,783
855,1170,1115,1298,1108,1677,1088,905,1147,1421,1350,929,1277,836,1218,1102,879
1325,1572,740,1286,936,1107,1378,863,1124,1451,1085,955,1107,889,1273,1396,307
992,1239,869,1122,1363,1045,1330,1257,1070,1317,1037,986,1097,975,1319,1479,361
1200,1056,715,1432,1050,1605,1167,854,1113,1396,1059,1069,1025,920,1317,1381,143
1581,1336,1356,1041,1209,969,976,750,950,1481,920,1092,1022,1054,1188,1527,991
659,1506,1146,1400,1281,1322,1154,812,987,1491,1508,916,1343,934,1034,1067,645
912,1142,753,1487,1161,1628,1143,804,1164,1434,1105,951,1329,907,1296,1094,540
873,749,1364,838,1434,1096,1607,1233,1095,1377,1028,990,1172,899,1344,1375,333
1100,1265,548,1368,1053,1004,1543,1294,1134,1315,1090,969,960,942,1272,1586,297
1589,1287,933,1065,1005,1175,1196,1023,1030,1485,1029,1062,1066,1051,1269,1288,390
1024,1181,897,937,1136,1502,999,1481,1088,1435,1303,1065,932,1012,1297,1148,485
714,1396,860,1162,991,1530,1407,1097,1173,1363,1146,975,1302,1035,1295,991,472
915,1364,708,1354,1138,1195,1396,1175,1053,1365,1008,1036,1076,1030,1367,1345,361
968,914,692,1384,1224,1362,1569,1113,1179,1458,1373,995,1077,905,1358,935,783
1094,1420,643,1273,910,1589,1350,834,1200,1312,999,1006,941,1040,1377,1405,143
989,1146,640,1272,1122,1657,1141,998,1105,1403,949,1111,1255,1012,1268,1177,148
1494,1316,1052,1242,953,829,1354,872,1254,1399,999,952,1026,857,1386,1407,28
722,1427,1092,1198,1143,1304,1439,929,1058,1437,1169,1117,1260,958,1262,1019,879
882,1556,696,1377,1066,1202,1467,808,1113,1399,905,1028,1039,960,1424,1412,307
1709,1291,1247,1012,1236,662,1123,733,1022,1322,989,1124,1051,1012,1322,1438,991
701,1696,1026,1470,1124,1055,1181,912,934,1396,1565,914,1419,986,1076,990,645
1475,1252,1132,843,942,1066,1423,1012,1108,1410,1230,891,1215,922,1214,1290,390
944,892,767,967,1150,1400,1469,1558,1151,1475,1237,1032,1005,973,1408,999,485
1072,1626,635,1350,1036,1375,1136,906,1123,1543,1086,989,979,879,1440,1241,351
1364,908,819,1284,977,1507,1255,972,1041,1387,1436,1021,1104,975,1332,984,783
1012,933,1198,904,1271,1273,1333,1356,1071,1332,1030,1110,1192,884,1273,1387,333
906,1252,732,1121,1063,1068,1429,1534,1047,1361,949,960,1046,981,1394,1496,297
1741,1065,915,1281,822,1232,1256,738,1196,1273,1123,1107,1021,846,1341,1373,28
787,1347,644,1488,1133,1645,1146,969,1034,1453,1192,1003,1238,968,1255,1137,540
879,1594,814,1075,1092,1517,1296,839,1146,1396,1173,1119,1149,984,1245,1068,472
1219,1484,709,1352,1049,1178,1446,780,1081,1385,1022,988,1024,1007,1350,1423,307
1107,1075,1043,1294,1004,1633,1286,728,1113,1404,1389,915,1235,895,1107,1222,879
887,1393,939,1133,1096,1146,1495,1124,1173,1402,1081,905,1007,1017,1420,1275,361
1162,1237,644,1183,1124,1547,1339,862,1122,1428,1004,1075,857,1088,1374,1332,143
1120,998,647,1322,1158,1555,1330,859,1206,1457,1149,942,1131,891,1336,1168,148
1613,1658,1198,1035,1044,607,1247,741,1006,1647,1090,1053,945,865,1205,1423,991
820,1534,781,1260,1144,1152,1504,940,1141,1469,875,1110,962,789,1568,1332,351
1011,479,824,1290,1373,1405,1637,1111,1081,1466,1264,1042,1068,904,1322,1133,783
492,1682,929,1435,1239,1193,1231,875,1024,1415,1513,926,1282,1024,1114,982,645
885,1403,824,1460,1013,1525,1129,945,1126,1459,1195,873,1285,926,1272,1144,540
1544,1403,975,1198,989,1038,1039,1045,1209,1141,1104,1136,1053,909,1309,1419,28
872,574,1253,966,1552,1165,1459,1261,1051,1253,1085,1065,1334,797,1230,1465,333
907,912,648,1104,1046,1724,1453,1412,1047,1367,1297,1108,950,936,1378,1197,485
947,1405,797,1202,954,1458,1324,907,1182,1464,1246,873,1201,1084,1262,968,472
1586,990,1123,1015,1062,1018,1262,1150,1093,1283,1139,1058,1098,882,1322,1403,390
1549,1432,1249,1114,1046,643,1086,1012,1002,1431,1070,970,1084,954,1095,1630,991
1065,1413,874,1002,1093,1029,1499,1280,1139,1230,968,868,1224,746,1332,1683,361
955,1467,859,1134,1033,1005,1523,1281,1156,1221,1034,982,1048,996,1316,1493,297
909,1480,1042,1153,1063,1236,1118,1279,1079,1195,1282,918,1329,851,1233,1393,879
732,1391,849,1132,1306,1309,1341,1137,1152,1579,950,927,1044,875,1339,1365,351
1192,1289,1062,1448,828,1120,1293,1008,1068,1265,1068,959,1159,957,1265,1467,307
1007,1383,919,985,1031,1274,1186,1437,1115,1459,1417,1031,1017,886,1309,1046,485
968,1322,689,1364,1084,1641,1432,745,1197,1326,973,1104,901,1037,1395,1347,143
1097,1229,822,1388,1366,1450,1045,749,996,1373,1231,1018,1370,881,1200,1211,540
536,1080,650,1416,996,1744,1408,1000,1171,1310,1024,1022,1203,1015,1380,1155,148
1724,1263,1057,1142,1091,800,1161,901,1171,1210,1124,1075,1188,797,1237,1478,28
1265,1218,737,1415,1189,1157,1184,1021,1070,1305,1455,1109,1194,888,1203,1056,783
1698,1434,944,1165,943,811,1062,949,960,1457,905,1148,1028,944,1215,1577,991
1545,1447,943,1006,1002,979,1118,1048,1020,1448,1313,864,1139,846,1024,1589,390
726,1342,623,1645,1177,1707,1140,711,988,1463,1077,1116,1290,993,1223,1116,540
794,1631,1245,1382,1204,930,1108,779,1025,1330,1306,1015,1333,957,1088,1226,645
881,1307,1002,1331,1078,1479,1064,942,1116,1250,1455,942,1421,825,1237,1028,879
803,1175,537,1529,1158,1744,1227,830,1093,1313,1048,1076,1326,1020,1323,1081,148
1222,787,1406,752,1359,753,1431,1334,1044,1304,1097,943,1313,906,1180,1493,333
1060,1198,743,1445,1051,1667,1208,828,1082,1331,1120,1016,1023,1011,1286,1376,143
948,1342,643,1265,1238,1144,1446,1210,1099,1415,901,1066,969,932,1306,1578,361
1110,1495,783,1252,1080,1152,1279,765,1127,1425,1126,903,1052,913,1299,1435,307
768,1658,641,1381,1153,1311,1203,982,1135,1554,1008,1105,1012,885,1473,1108,351
884,1550,1017,1286,898,1315,1217,949,1159,1339,1235,1002,1297,976,1223,1049,472
1096,1148,840,1013,1198,1499,1139,1330,1104,1344,1338,1071,1019,910,1284,1159,485
928,1422,455,1206,1032,959,1660,1521,1129,1442,1031,961,907,941,1276,1593,297
907,1080,1178,1203,1198,1554,1036,1092,1090,1206,1374,919,1377,939,1244,1131,879
1569,1248,933,1562,916,1152,1066,766,1115,1327,1147,1131,1196,823,1146,1391,28
1481,770,1200,1208,1084,1193,1222,1003,1012,1331,1569,981,1367,868,1089,993,783
1113,1120,890,1010,1236,1121,1359,1269,1148,1296,1144,906,1138,933,1245,1453,361
1438,1315,1157,1166,1076,779,1097,607,1037,1358,1031,1072,1010,1063,1200,1479,991
705,1424,1318,1319,1243,1116,1160,963,977,1355,1501,855,1416,991,1109,1063,645
1199,1405,897,1182,1062,1405,1212,810,1137,1400,879,1080,1024,1008,1268,1394,143
855,1215,781,1438,1321,1577,1141,868,1100,1322,1180,976,1254,1084,1242,1122,540
1604,1311,1052,1067,1139,973,1278,801,1089,1390,1265,987,1125,1023,1169,1232,390
929,1121,835,1288,889,1697,1160,1088,1192,1304,1016,1016,1188,978,1260,1326,148
849,1677,677,1203,1105,1145,1263,966,1166,1431,1003,1058,968,989,1423,1229,351
1162,1134,601,1224,988,1141,1687,1340,1219,1353,837,1089,890,904,1360,1582,297
949,951,1447,781,1265,1158,1397,1283,1100,1251,1062,950,1264,944,1158,1517,333
1268,1577,854,1253,975,981,1365,859,1094,1360,1203,904,1143,992,1186,1384,307
783,1341,1094,1312,1005,1495,1180,981,1161,1325,1256,1011,1166,991,1333,1037,472
706,1236,1061,1345,1064,1474,1207,1107,1037,1407,1430,947,1417,985,1137,920,879
1288,896,624,1250,1150,1655,1373,778,1166,1395,1414,997,1100,824,1245,1139,783
721,1616,820,1402,1337,1157,1302,848,1007,1524,1331,978,1166,984,1099,1191,645
1728,1734,1105,1065,929,767,874,613,1063,1326,1170,1027,1059,940,1195,1500,991
942,1320,796,1223,1009,880,1512,1516,1152,1204,1033,914,1111,889,1231,1691,297
784,1551,749,1231,1330,925,1440,1270,1094,1462,859,980,1057,945,1393,1490,361
1544,1340,1048,1309,855,717,1213,1006,1154,1283,1103,1033,1171,826,1249,1461,28
893,1313,483,1184,1185,1458,1642,943,1112,1469,1087,1203,921,959,1313,1216,143
998,1038,890,997,990,1526,1242,1472,1109,1300,1340,1147,890,1025,1408,1061,485
1282,1445,642,1491,1013,1113,1298,744,1111,1323,1062,980,1009,930,1304,1447,307
983,833,1216,907,1199,1228,1600,1272,1130,1248,1091,945,1177,965,1305,1419,333
824,1239,671,1176,1069,1664,1250,1241,1276,1392,961,997,1148,913,1322,1271,148
781,1203,498,1444,1380,1573,1424,891,1035,1570,1076,1023,1236,972,1226,1142,540
866,1590,993,1339,974,1575,1196,681,1132,1325,1086,937,1273,1045,1271,1211,879
1513,1632,820,954,864,901,1022,1025,1187,1327,1182,909,1070,905,1304,1396,390
900,1580,947,1297,988,1494,1045,829,1058,1396,1411,933,1329,872,1101,1180,472
931,1725,706,1299,956,1217,1132,1149,1193,1508,902,1038,904,869,1476,1390,351
663,1603,1073,1434,1199,1044,1212,983,1051,1330,1427,846,1359,920,1208,1080,645
1112,1185,780,979,1130,810,1580,1447,1107,1333,1002,955,1037,1044,1203,1582,297
1657,1208,1321,1049,1004,733,930,815,1045,1496,957,1093,979,1033,1173,1482,991
1285,1064,639,1306,959,1375,1433,1137,1126,1329,1466,922,1200,940,1310,987,783
1204,1482,812,1146,1252,868,1257,1242,1113,1274,970,953,1144,934,1375,1507,361
1638,1299,1133,1058,985,962,1145,893,1194,1312,1085,1002,1142,824,1187,1534,28
1203,1067,965,1011,934,1463,1254,1383,1142,1344,1376,1074,872,971,1411,1090,485
1275,1557,678,1240,1114,1287,1194,896,1071,1211,1274,851,1154,944,1232,1500,307
1382,1468,776,1211,1095,1047,1315,872,1124,1339,985,1057,918,1016,1422,1419,143
1214,1529,650,1216,889,1709,1039,770,1126,1269,1393,1032,1197,1068,1229,966,472
742,1070,565,1235,1052,1744,1441,1072,1213,1365,1174,915,1184,968,1238,1223,148
831,1360,974,1305,1267,1610,1004,848,1054,1467,1073,1059,1236,959,1270,1162,879
1384,1377,995,1106,1057,1254,1114,993,1136,1338,1172,961,1114,982,1195,1382,390
758,1252,602,1158,1342,1050,1651,1418,1075,1403,1113,893,1025,898,1294,1568,297
768,1291,539,1505,1296,1624,1208,782,1109,1510,1055,1077,1171,981,1246,1131,540
922,1491,923,1378,1065,990,1369,1142,1089,1478,996,1012,1101,828,1296,1480,351
964,1025,1175,915,1256,1149,1453,1264,1067,1280,1348,880,1304,943,1213,1245,333
1263,1422,852,1242,886,1343,1307,892,1200,1264,1128,887,1080,883,1334,1504,307
1601,1503,935,1174,912,872,1171,876,1206,1212,1245,974,1110,856,1294,1383,28
941,1131,945,1040,803,1560,1287,1473,1087,1441,1330,1083,872,960,1316,1191,485
991,1438,890,926,1206,1117,1407,1236,1120,1291,1100,897,1024,922,1300,1578,361
1604,1577,1090,1050,1080,809,996,780,1052,1391,1058,964,1016,878,1173,1601,991
673,1673,1187,1414,1328,1045,1040,877,1007,1398,1385,1022,1290,939,1122,1117,645
924,1292,1049,1077,863,1475,1377,1142,1147,1259,1200,909,1309,999,1255,1202,472
918,1090,862,1232,1078,1544,1274,1135,1206,1383,1054,977,1209,915,1379,1157,148
1079,1137,615,1190,957,1013,1471,1468,1056,1277,1001,947,986,965,1259,1675,297
1428,967,868,1355,1119,1275,1008,1198,1103,1348,1551,960,1117,830,1192,1179,783
1433,1275,787,1227,1020,1478,1261,665,1093,1183,1093,1016,1054,1115,1293,1433,143
1027,1133,1403,1479,861,1372,995,985,1004,1298,1391,955,1457,791,1117,1267,879
809,965,813,1545,1362,1672,1298,747,1002,1545,1095,1147,1190,1019,1244,979,540
1065,1009,756,1192,1171,1477,1046,1526,1056,1395,1430,1016,1094,936,1377,976,485
1407,1561,809,1136,1030,855,1257,1075,1197,1397,1124,1113,1006,960,1187,1296,28
1568,1347,1094,1056,910,1010,1103,1135,1134,1403,1144,931,1021,1035,1287,1325,390
1035,1305,818,1240,1067,1423,1286,1087,1079,1382,1027,923,1132,959,1304,1474,307
863,1538,1206,1409,1243,1117,956,922,997,1379,1458,862,1356,909,1167,1119,645
1119,971,1189,986,1271,919,1535,1280,1052,1244,1070,976,1295,874,1191,1547,333
1039,1441,780,1095,1043,1092,1435,1341,1109,1281,1106,915,1150,898,1402,1367,361
966,1589,841,1403,1042,903,1210,1070,1133,1300,913,1069,1060,909,1370,1513,351
1704,1283,1288,1071,1027,824,900,956,967,1351,1062,1055,1135,933,1249,1518,991
905,1361,1058,1249,917,1687,1024,953,1053,1378,1302,917,1344,939,1217,1130,472
1141,937,727,1417,984,1584,1332,1031,1166,1298,1512,1015,1153,999,1169,968,783
795,1455,539,1144,1042,1273,1617,1323,1200,1325,1075,959,1001,1012,1247,1461,297
852,1203,495,1209,1071,1743,1355,1076,1274,1268,1073,1010,1166,1072,1256,1161,148
1239,1073,673,1151,1017,1549,1087,1387,1100,1316,1481,945,1040,995,1226,1177,485
1089,1480,757,1221,1093,1041,1456,965,1055,1389,1195,990,1036,902,1283,1430,307
869,1119,635,1532,1243,1594,1181,981,1136,1489,1038,1046,1211,986,1305,1061,540
1565,1033,877,1180,1081,1122,1319,876,1185,1208,1129,982,1147,938,1253,1438,28
1261,1454,503,1291,1113,1425,1272,890,1073,1333,1146,1104,862,1025,1203,1525,143
899,1744,654,1393,1085,1229,1130,857,1140,1591,915,1100,886,895,1419,1334,351
626,1552,1106,1282,1258,1027,1267,970,992,1453,1532,871,1350,848,1064,1170,645
1008,1460,905,1139,952,1741,1092,892,1086,1322,1440,1041,1148,914,1187,1129,879
1581,1557,967,1170,968,841,1068,667,1067,1371,814,1174,918,960,1323,1502,991
1328,1518,1096,1084,774,1180,1105,1103,1036,1300,1219,894,1387,832,1105,1507,390
893,1661,733,1304,1213,1107,1312,975,1045,1456,986,996,1057,959,1241,1534,361
1116,1050,744,1270,1192,1549,1264,888,1103,1430,1328,1043,946,893,1341,1196,783
1030,839,1149,816,1426,987,1550,1356,973,1330,1361,978,1345,769,1164,1360,333
848,1054,624,1108,1119,1395,1543,1470,1142,1208,995,918,1134,905,1318,1626,297
629,1486,1111,1271,1210,1471,1089,905,1074,1419,1251,1007,1348,1021,1096,1064,472
1446,1552,386,1526,1049,1185,1243,742,1032,1529,1240,1028,1073,852,1238,1288,307
1186,1362,653,1166,1038,1320,1082,1415,1063,1459,1447,1061,1064,831,1262,1093,485
982,1318,1018,1214,1130,1498,961,1136,1136,1311,1231,973,1265,939,1164,1261,879
1581,1369,856,1082,1200,902,1303,784,1046,1494,1028,1099,924,1008,1170,1469,991
992,1286,648,1528,1222,1528,1234,750,1039,1494,1074,1031,1295,857,1302,1188,540
752,1640,1176,1499,1120,1097,1107,795,1039,1423,1337,891,1348,929,1098,1215,645
1295,953,798,1251,1133,1684,1203,873,1041,1374,1043,1134,941,1060,1236,1451,143
749,934,640,1222,1095,1744,1259,1122,1254,1195,1088,894,1356,929,1397,1167,148
1144,1271,538,1326,895,1047,1599,1405,1091,1352,957,997,1020,997,1268,1557,297
1106,756,632,1397,1269,1555,1313,1125,1113,1374,1427,979,1179,900,1339,969,783
1650,1297,1093,1290,1027,767,1025,1001,1138,1214,1098,1112,1134,867,1212,1505,28
1232,790,1092,982,1371,1098,1361,1295,1055,1365,1119,960,1256,884,1196,1445,333
1234,1584,824,1105,1129,806,1476,998,1090,1500,1171,980,1052,968,1222,1297,390
819,1325,841,1085,1242,1429,1273,1191,1111,1240,1124,987,1197,923,1349,1349,361
723,1037,1167,1305,1254,1518,1130,1061,976,1243,1238,1032,1372,961,1166,1292,879
989,1497,905,1352,1052,1115,1233,1137,1107,1456,907,966,1115,851,1280,1570,351
1744,1410,998,1048,975,679,1080,888,1057,1353,973,1098,1003,965,1270,1529,991
924,1476,822,1190,1186,1401,1231,967,1038,1408,1338,1027,1147,1003,1171,1148,472
1497,1423,693,1258,1042,1299,1217,737,1106,1346,1176,988,956,973,1272,1463,307
1021,1360,542,1120,1004,1187,1644,1277,1131,1425,1047,947,935,906,1269,1603,297
976,1262,584,1465,1228,1642,1177,886,1087,1443,1015,1139,1255,936,1312,1078,540
919,835,918,1180,1101,1523,1267,1444,1058,1361,1281,1052,1024,954,1364,1186,485
1002,1171,776,1365,1187,1613,1219,907,1089,1371,1044,1096,967,1007,1333,1355,143
1226,956,1116,844,1238,1400,1447,1053,1099,1312,1225,1015,1218,892,1233,1286,333
1127,819,641,1387,910,1614,1402,1030,1168,1415,963,1045,1103,1060,1337,1189,148
1064,848,601,1324,1209,1542,1480,945,1151,1428,1213,1088,979,963,1424,1034,783
1053,1507,646,1489,1045,1076,1414,922,1108,1270,1086,1000,1064,885,1250,1536,307
677,1588,956,1425,1242,1188,1078,888,979,1428,1471,911,1299,1011,1017,1164,645
1559,1343,873,1110,998,1131,1238,872,1240,1322,1057,1175,969,883,1305,1329,28
1582,1171,808,1200,934,1511,1104,898,1025,1478,1065,1048,1107,947,1213,1397,390
1703,1294,1054,1057,1184,692,1219,840,1051,1491,964,1004,970,944,1286,1558,991
1005,1247,768,1109,1197,1090,1636,1208,1097,1361,880,990,1018,978,1316,1635,361
914,1631,822,1111,1159,1161,1345,911,1124,1514,876,1083,970,939,1499,1269,351
1252,1441,677,1291,1000,1220,1304,1023,1041,1223,839,1076,969,1114,1362,1620,143
708,1241,623,1206,1055,1707,1458,1157,1178,1355,931,1028,1158,1042,1359,1229,148
610,1432,798,1636,1175,1686,1149,694,1156,1422,1047,1054,1233,940,1353,1075,540
925,1253,533,1123,1281,1005,1744,1277,1097,1454,1047,932,1003,945,1362,1440,297
1169,1303,1145,954,1186,1047,1288,1169,1071,1307,1025,1024,1089,1028,1405,1331,333
1058,1346,1048,1187,1053,1359,1300,888,1107,1380,1219,906,1250,913,1209,1296,879
746,1249,829,1459,874,1639,1297,970,1133,1249,1282,973,1387,977,1178,1101,472
1315,1249,1275,1242,1012,1144,1051,944,1161,1376,1171,1051,1125,832,1247,1317,28
1114,808,916,1125,1115,1433,1404,1140,1048,1398,1608,890,1203,829,1131,1137,783
947,1579,1252,1329,1275,632,1283,947,930,1319,1566,864,1440,869,1005,1230,645
1633,1123,990,1132,835,1268,1134,914,1119,1328,1243,1000,1196,907,1233,1254,390
1296,1264,798,1326,1266,1075,1343,813,1018,1366,1095,1019,1205,848,1288,1441,307
1100,1030,731,1151,957,1554,1287,1380,1006,1394,1238,1049,1003,1005,1293,1292,485
952,1582,664,1451,1093,1195,1130,1101,1109,1495,1038,1081,1019,897,1357,1284,351
1188,1113,668,1266,1150,1555,1296,864,1118,1284,990,1088,1073,1059,1300,1368,143
974,1113,614,1221,1183,1744,1220,886,1186,1294,1029,957,1372,1003,1293,1146,148
781,1377,765,1071,1216,1320,1499,1229,1121,1517,988,878,1041,900,1419,1405,361
1475,1271,1049,1205,1082,895,1332,936,1184,1344,1084,1010,1081,892,1338,1347,28
707,1134,828,1515,1347,1675,1020,800,1025,1388,1072,1001,1397,1029,1356,1012,540
1518,956,823,1357,1131,1252,1301,884,1103,1362,1391,1134,1097,872,1292,1029,783
970,1497,918,1266,1025,1475,1288,739,1106,1324,1491,949,1412,927,1097,974,472
1669,1553,1038,1076,1241,610,1122,626,1022,1536,863,1118,920,938,1273,1582,991
1460,1196,690,1201,993,1433,1421,791,1228,1347,923,1050,869,956,1415,1492,143
1055,951,580,1094,981,1533,1257,1559,1145,1383,1211,1098,868,951,1430,1194,485
981,1168,831,1207,1010,1079,1573,1411,1088,1318,1105,906,1033,1023,1347,1460,297
938,1586,1082,1472,1124,977,1104,719,1014,1402,1557,895,1351,918,1085,1058,645
1255,1674,690,1340,932,1174,1221,875,1036,1442,1081,1050,998,944,1224,1505,307
749,1335,1404,1222,988,1462,1115,959,1178,1304,1365,978,1304,938,1216,997,879
998,650,1386,881,1379,1208,1445,1306,1092,1270,1173,930,1346,912,1240,1317,333
924,997,761,1307,1028,1744,1235,911,1273,1361,993,1034,1169,965,1338,1147,148
1664,1469,821,1036,974,965,1096,1026,1061,1419,1193,1007,1108,952,1164,1376,390
968,1523,884,1005,995,1147,1639,956,1173,1380,1035,1028,1018,931,1350,1365,361
1625,1423,1159,1016,903,1012,1183,668,1097,1522,990,1043,896,940,1290,1502,991
1367,1340,903,1345,995,1042,1114,1137,1149,1239,1266,970,1212,826,1234,1384,28
905,1354,782,1312,905,1494,1275,794,1204,1393,1262,969,1167,915,1199,1171,472
695,1377,483,1465,1225,1634,1282,780,1049,1564,1031,1056,1225,951,1306,1098,540
700,1452,1045,1502,1392,1072,1122,787,982,1445,1336,969,1315,992,1051,1190,645
851,1485,618,1306,1197,1319,1348,1089,1158,1513,873,1079,911,923,1499,1312,351
1119,1031,748,1534,971,1444,1276,1088,1056,1438,1523,886,1221,920,1154,1072,783
982,1010,1326,907,1341,1064,1459,1067,1056,1337,1171,957,1300,871,1233,1343,333
1050,1645,627,1152,738,1521,1407,953,1120,1411,998,1076,870,1058,1330,1417,143
766,995,522,1352,1045,1623,1343,1478,1108,1558,1285,1025,953,932,1352,1067,485
1673,1682,962,1262,931,767,951,571,974,1396,1023,1047,1193,884,1133,1554,991
1065,1514,742,1395,1058,1282,1281,800,1011,1425,1123,1006,1204,920,1247,1332,307
903,1608,825,1083,1235,974,1537,975,1077,1385,1125,931,1269,874,1237,1382,361
1621,1272,1226,949,1059,890,1264,791,990,1496,1147,962,1167,916,1172,1430,390
957,1473,601,1199,1055,1620,1308,736,1131,1208,948,1092,1244,1017,1335,1305,148
879,1200,962,1355,963,1512,1271,913,1115,1424,1270,1023,1260,1022,1182,984,472
900,1330,636,1422,1050,1087,1437,1333,1059,1455,952,958,979,978,1254,1645,297
831,1285,1041,1383,1256,943,1246,1295,1085,1548,1055,977,1146,877,1327,1265,351
1176,847,881,1263,1273,1267,1481,1077,1088,1462,1361,952,1133,942,1309,968,783
900,1214,1137,1193,1327,1502,1144,788,1000,1343,1393,836,1487,840,1021,1360,879
895,1600,1098,1409,1107,1335,983,654,1046,1407,1547,888,1393,890,1008,1101,645
1198,1109,544,1324,1110,1592,1305,874,1075,1453,1159,968,920,1015,1217,1455,143
1065,1389,724,1477,1133,1597,1023,684,1073,1383,1215,950,1362,1008,1202,1087,540
1438,1392,880,1257,1148,1219,1046,757,1093,1350,1054,1140,1126,987,1244,1286,28
940,1386,702,1138,1165,1261,1354,1103,1135,1424,964,986,1045,966,1421,1335,361
1242,1113,650,1123,1071,1485,1055,1419,1040,1353,1565,1027,1032,919,1233,1107,485
925,973,1303,831,1369,1019,1537,1260,1036,1485,1035,955,1225,904,1272,1368,333
891,1426,632,1367,1200,1411,1230,838,1172,1564,1126,935,987,835,1431,1219,351
933,1586,921,1316,847,1343,1124,1164,1112,1289,1186,903,1341,999,1167,1235,472
1513,1323,1150,1283,1141,850,1070,886,990,1477,928,1152,1010,1021,1259,1443,991
981,1421,569,1100,1161,1044,1591,1413,1074,1536,954,864,980,948,1171,1672,297
1118,1225,978,1467,1032,1250,1321,836,1117,1318,980,921,1153,950,1401,1440,307
1599,1138,1008,1028,979,1310,866,1257,976,1311,1377,1010,1126,939,1202,1339,390
1141,742,957,1242,1243,1400,1414,985,1187,1399,1415,1052,1147,852,1346,882,783
744,1180,1093,1294,1047,1566,1260,854,1111,1352,1230,991,1408,846,1244,1098,879
727,1296,662,1508,1315,1659,1361,739,1014,1640,1183,1075,1160,923,1196,1049,540
706,1728,970,1376,1237,1059,1242,822,1046,1352,1434,800,1348,1018,1050,1232,645
820,768,736,1407,1107,1744,1246,1010,1137,1298,1137,1101,1152,947,1359,1149,148
1064,1112,1209,992,1190,1076,1303,1296,1039,1306,1247,945,1309,909,1188,1337,333
1507,1351,1010,1221,951,865,1323,1010,1180,1349,1213,1114,1013,929,1234,1248,28
1641,1250,1297,1311,850,785,1067,863,1002,1470,1011,940,1192,845,1097,1686,991
782,1673,742,1319,1253,1304,1286,829,1151,1487,948,1037,1058,922,1417,1260,351
1118,1393,899,1199,1069,1682,1094,786,1213,1228,1183,959,1281,925,1207,1284,472
909,1322,625,1378,1153,1616,1332,798,1139,1314,1164,1077,1062,1000,1236,1288,143
713,1293,721,926,1304,1040,1617,1600,1004,1379,1015,1020,998,1028,1348,1488,361
1163,873,1065,1226,1212,1343,1316,1038,1023,1368,1575,923,1295,928,1150,893,783
993,1320,499,1112,1075,1493,1140,1551,1067,1362,1422,1043,1024,945,1310,1107,485
1158,1431,1040,1133,1185,1202,1256,870,1052,1384,995,968,1119,972,1302,1488,307
944,1017,793,1092,1065,826,1684,1576,1061,1360,865,974,1069,940,1247,1659,297
773,1603,1345,1380,1011,1076,1135,911,985,1280,1579,914,1502,983,1031,895,645
857,764,1423,820,1433,1159,1517,1237,1047,1337,1084,1006,1256,892,1247,1411,333
853,1132,908,1437,1066,1693,1189,826,1043,1412,1397,923,1426,907,1281,891,540
1058,1204,1433,1138,1031,1382,1010,975,1041,1216,1588,924,1344,945,1134,972,879
828,1596,833,1183,1035,1305,1281,1099,1196,1449,827,1028,972,886,1553,1357,351
1124,833,787,1289,1102,1343,1565,1178,976,1603,1478,934,1129,788,1187,1185,783
1634,1481,1094,1075,1054,787,1095,879,1019,1488,912,1038,1007,956,1292,1515,991
1011,1394,562,1227,1026,1388,1410,929,1176,1407,873,1113,961,999,1423,1328,143
1423,1088,1252,1144,1081,1248,1007,1017,970,1284,1385,970,1263,1017,1209,1182,390
1700,1339,1173,1145,900,836,1122,820,1108,1253,1124,973,1203,800,1238,1568,28
772,937,775,1336,1264,1698,1301,908,1215,1267,960,1210,1108,1078,1447,995,148
1138,1518,805,1366,996,1060,1390,877,1069,1377,931,907,1185,862,1368,1551,307
915,1206,1037,1296,838,1744,1218,874,1072,1362,1087,997,1290,1080,1152,1240,472
870,1369,571,1104,1180,1089,1508,1312,1058,1332,1104,891,1051,973,1359,1487,361
865,1160,635,1240,1106,1498,1307,1423,1072,1430,1305,1104,948,956,1359,1106,485
446,1585,1198,1485,1247,1131,1187,841,964,1366,1495,939,1448,1031,1113,917,645
663,1328,756,1517,1317,1528,1241,719,1059,1458,1106,1037,1168,959,1374,1116,540
1106,1371,815,1079,1004,1124,1512,1216,1071,1348,1040,1007,1066,884,1260,1521,297
1412,1437,778,1392,1027,1101,1200,910,1192,1383,1040,1174,1024,806,1257,1404,28
1087,1371,592,1300,1168,1508,1399,697,1135,1464,1088,1103,889,1004,1254,1318,143
1230,665,1295,917,1317,1293,1334,1229,1056,1218,1139,1000,1310,904,1311,1342,333
893,1536,594,1388,1195,1242,1225,864,1084,1523,912,1057,954,839,1398,1507,351
816,1305,621,1251,1012,1744,1354,1014,1186,1350,1033,972,1225,1042,1336,1136,148
862,1183,1142,1146,1244,1375,1194,933,1024,1273,1374,992,1253,919,1312,1133,879
1586,1576,887,1151,1067,896,1108,650,1003,1608,1076,1108,933,928,1150,1474,991
1315,1059,553,1303,1156,1523,1334,772,1101,1439,1444,1052,1099,871,1271,1003,783
927,1588,793,1270,971,1591,1086,851,1122,1337,1191,1027,1208,942,1161,1292,472
1448,1291,995,1134,955,1265,1083,974,1041,1479,1208,1038,1122,946,1208,1238,390
1298,1592,578,1376,1062,1352,1243,630,1048,1437,1142,1059,919,1039,1402,1234,307
1002,1357,871,1085,1109,1182,1374,1212,999,1370,1002,1040,1020,964,1256,1579,361
1049,1558,424,1259,1041,1142,1355,1240,1111,1388,1053,974,954,976,1285,1539,297
1307,1254,930,1017,857,1428,964,1430,1025,1159,1503,1092,999,1051,1344,1070,485
1045,1331,1102,982,1380,1013,1390,991,1095,1307,1237,852,1426,914,1204,1245,333
661,1307,600,1503,1297,1609,1307,799,1060,1520,1185,930,1258,923,1309,1095,540
1346,1542,864,1327,1042,857,1271,884,1090,1354,1245,1023,1235,802,1190,1341,28
683,1635,763,1192,1202,1115,1295,821,1198,1307,879,951,1163,943,1583,1233,351
734,1336,1006,1196,1195,1562,1206,884,1095,1373,1265,1026,1353,997,1238,933,879
1335,1013,816,1322,962,1546,1364,913,986,1516,1443,1066,1118,880,1185,1036,783
764,1254,718,1250,1141,1744,1176,845,1190,1295,1001,1036,1271,1070,1354,1063,148
827,1742,1000,1455,1227,1160,948,666,974,1289,1447,983,1417,1035,1086,1046,645
1709,1269,1116,1205,1085,940,1018,730,1003,1538,1050,1114,920,956,1195,1504,991
1003,1450,709,1476,954,1557,1202,690,1097,1411,1325,1039,1196,995,1283,934,472
1008,1475,670,1313,1103,1282,1525,808,1180,1395,1039,999,928,1063,1307,1369,143
956,1453,412,1101,1108,860,1630,1556,1142,1460,1026,933,977,909,1368,1463,297
1129,1451,686,1466,1025,1386,1345,694,1094,1383,1009,1144,1007,968,1482,1193,307
853,1332,623,1071,1327,1088,1534,1307,1101,1464,1035,946,1162,861,1284,1427,361
1544,1347,861,1215,1029,1127,1117,897,1034,1410,1305,1007,1199,939,1200,1186,390
1225,1257,710,1035,989,1307,1301,1389,1096,1432,1388,1040,843,990,1344,1147,485
854,1464,579,1492,1526,1501,1121,688,1090,1540,1018,1117,1263,821,1391,1022,540
916,1031,1021,1280,1284,1569,1248,929,1084,1480,1353,876,1317,807,1168,1195,879
958,759,1371,942,1178,1164,1568,1274,1114,1301,1174,940,1297,838,1245,1371,333
852,1444,683,1382,1129,1439,1347,827,1080,1491,1000,1127,999,886,1447,1249,351
997,1345,684,1152,919,1585,1401,954,1208,1328,1079,1038,1159,1015,1331,1122,148
1565,1557,1139,1162,1119,872,930,740,975,1557,866,1108,974,984,1286,1528,991
733,1587,1107,1558,1154,1229,1092,747,1105,1412,1488,804,1428,854,1105,1048,645
1161,1590,509,1220,896,1534,1358,677,1269,1318,902,1175,950,1078,1384,1204,143
981,1316,1159,1220,791,1551,1178,1070,1059,1248,1298,990,1414,963,1167,1141,879
1124,789,719,1394,1068,1475,1527,1147,1101,1448,1410,1086,1033,873,1319,1010,783
968,1623,715,1220,860,1611,1229,744,1261,1172,1083,1010,1313,1050,1311,1080,472
1461,1452,812,1015,1007,1164,1283,1000,1063,1400,1091,1028,1232,922,1101,1443,390
919,959,712,1107,1177,1079,1647,1550,1070,1310,976,976,1148,916,1309,1533,297
1744,1346,963,1188,1070,750,1171,867,1273,1282,1107,1080,1056,841,1322,1319,28
761,1314,586,1492,1224,1616,1289,821,1058,1450,1007,1100,1249,1009,1250,1157,540
889,1138,838,1079,1308,1278,1373,1366,1076,1362,985,969,1181,926,1246,1535,361
1677,1643,1096,1158,918,681,1061,712,1012,1436,1052,999,1100,931,1111,1639,991
1097,829,846,1240,1323,1594,1095,1093,1129,1330,1030,957,1394,924,1238,1278,148
960,1311,966,1365,1127,1506,1066,979,1104,1338,1341,863,1314,920,1232,1168,879
839,1718,651,1320,976,1667,1079,758,1107,1430,1337,975,1217,923,1213,1078,472
497,1712,909,1575,1204,1441,1080,688,994,1433,1502,874,1396,872,1086,1123,645
694,1501,855,1295,915,1443,1367,1009,1124,1437,882,1038,1089,976,1525,1188,351
1021,1330,715,1017,884,1375,1311,1545,1110,1340,1444,1080,991,938,1186,1191,485
1399,1588,864,1275,975,1209,1322,620,1208,1315,1116,1004,1055,971,1311,1300,307
880,1349,743,1202,1059,1623,1461,842,1160,1372,1026,1044,961,1051,1430,1236,143
936,1074,880,1013,1116,1308,1586,1301,1114,1370,1080,990,1128,938,1340,1320,333
1229,1238,761,1221,1078,1447,1411,851,1181,1314,1481,944,1154,832,1303,1066,783
1462,1416,1125,1159,845,1264,1189,672,1139,1429,1094,1031,1051,991,1272,1273,390
1588,852,1274,1267,1007,1005,1195,1004,1182,1158,1161,1013,1264,819,1240,1443,28
822,1011,917,1582,1244,1543,1188,826,1085,1237,1126,1031,1372,995,1378,1056,540
1099,1046,520,1095,1042,1279,1523,1496,1076,1427,982,955,974,874,1322,1547,297
1044,1366,642,1178,1274,1304,1291,989,1001,1352,1001,953,1161,937,1233,1641,361
941,1413,1195,1263,1074,1195,1049,961,1006,1316,1447,960,1401,901,1128,1101,879
794,1608,1006,1565,1097,1233,1065,759,990,1431,1447,950,1346,957,1110,1049,645
933,1696,794,1216,991,1452,1093,745,1063,1414,1204,973,1349,887,1134,1256,472
730,1041,627,1422,994,1720,1303,977,1155,1305,1033,1033,1300,935,1287,1232,148
841,1628,827,1305,1072,1297,1346,804,1152,1545,931,1058,920,898,1404,1372,351
858,1361,908,1376,1027,1646,1350,745,1015,1484,1396,1002,1098,960,1296,1006,783
887,929,1308,1005,1242,1184,1516,1191,1099,1362,1327,984,1296,800,1226,1186,333
1585,1437,908,1373,948,1033,980,824,993,1405,1047,1035,1118,922,1221,1508,991
1026,1140,668,1053,955,1602,1216,1468,1129,1278,1396,1124,975,1003,1424,951,485
1217,1678,654,1278,869,1380,1314,712,1112,1299,1128,969,1102,950,1197,1493,307
1016,1317,576,1195,1034,988,1584,1364,1021,1411,1096,1031,1010,971,1190,1550,297
730,1352,703,1592,1218,1524,1283,731,1016,1544,1069,1034,1291,940,1243,1143,540
799,1125,684,1407,1048,1640,1526,804,1162,1431,1076,1167,925,934,1412,1173,143
1563,1142,995,1051,1054,974,1140,1175,1085,1428,1173,961,1167,818,1290,1358,390
609,1615,1067,1547,1006,1261,1152,815,996,1495,1304,1015,1227,1024,1166,1053,645
861,828,1115,982,1279,1183,1451,1376,1072,1215,963,954,1343,905,1204,1571,333
754,1533,726,1513,924,1581,1149,783,1117,1420,1315,1051,1152,1026,1198,1001,472
958,1145,863,1140,1124,1211,1522,1223,1054,1261,1030,1064,1041,969,1379,1428,361
1545,1521,967,1106,1052,732,1238,932,1037,1441,950,1026,1170,833,1190,1633,991
749,1094,631,1434,1077,1744,1282,972,1196,1443,1045,1123,1048,1037,1334,1054,148
1229,1241,807,1287,1205,1116,1306,825,1094,1477,1497,1043,1114,892,1175,977,783
1063,1383,874,1408,1084,1288,1170,947,1075,1315,1041,1035,1153,952,1350,1354,307
771,1134,1440,1268,1125,1368,1060,1102,1115,1161,1413,873,1558,864,1124,1106,879
840,1406,707,1484,1228,1661,1066,682,1111,1303,1116,1031,1332,966,1336,1085,540
1381,1095,1009,1327,954,1241,1294,979,1191,1286,1165,994,1107,931,1361,1245,28
744,1569,692,1426,1070,1370,1293,888,1072,1602,947,1082,933,953,1363,1328,351
1136,1432,750,1252,1161,1443,1203,903,1050,1316,1192,986,1107,1005,1165,1459,143
1405,1407,927,1056,960,1267,1174,996,1092,1356,1180,970,1225,906,1169,1382,390
1406,837,1218,835,1203,990,1459,1328,1026,1295,1160,913,1425,843,1085,1533,333
1064,968,850,1202,1109,1303,1184,1570,1108,1331,1336,1162,1013,1046,1389,895,485
838,1410,504,1186,1117,1146,1741,1252,1161,1340,1001,1005,995,913,1364,1501,297
1704,1420,1062,1199,999,706,1019,766,947,1440,837,1227,987,1084,1206,1552,991
576,1485,1092,1550,1350,1145,1363,718,977,1352,1390,872,1454,968,1120,1147,645
991,1251,1081,1266,1148,1232,1356,874,1148,1374,1176,910,1258,820,1229,1365,307
689,1587,890,1296,962,1627,1179,866,1096,1201,1269,966,1463,935,1181,1168,472
909,1185,620,1391,1067,1530,1332,814,1131,1440,830,1165,1165,1004,1264,1281,148
731,1274,705,1510,1072,1622,1268,848,1099,1433,1091,1006,1261,858,1324,1208,540
1275,876,890,1399,1189,1286,1282,980,1082,1474,1150,1177,1127,951,1318,1001,783
893,1230,970,1129,1165,1642,1257,913,1072,1355,1216,1039,1218,901,1202,1277,879
713,1221,962,1142,1268,1203,1447,1324,989,1262,951,933,1405,806,1234,1579,361
1271,1402,563,1261,1139,1265,1257,951,1074,1500,880,1051,920,930,1323,1481,143
1617,1447,725,1136,914,1096,1177,965,1132,1336,1244,976,1056,984,1227,1325,390
858,985,838,1023,1217,1399,1378,1434,1068,1359,1501,1024,1018,938,1285,1087,485
1009,1258,492,1349,1189,1054,1560,1327,1112,1265,975,938,1096,951,1273,1608,297
901,1744,606,1239,1163,1023,1383,879,1223,1548,1019,1032,898,851,1442,1267,351
1199,1244,793,1369,1033,1331,1183,967,997,1465,1106,1014,1049,841,1405,1403,307
756,1063,715,1619,1179,1694,1126,855,1100,1424,1053,938,1247,882,1280,1337,540
1577,1386,1028,1171,926,925,1300,967,1158,1208,1117,1098,1081,902,1281,1416,28
798,861,1210,974,1273,1405,1619,1122,1124,1337,1181,1005,1259,824,1258,1292,333
802,1540,1044,1444,1213,1091,1130,951,941,1358,1535,884,1381,961,1113,1107,645
787,1086,645,1385,1231,1454,1634,818,1110,1384,919,1111,931,1005,1407,1413,143
1329,799,824,1233,1089,1544,1267,1175,1035,1398,1427,1050,1099,958,1220,1093,783
986,1590,821,1397,973,1439,990,932,1025,1408,1460,1008,1284,863,1136,1096,472
1695,1507,1060,1418,931,690,1033,753,983,1525,1024,1121,1038,960,1167,1462,991
687,1151,637,1503,1090,1705,1136,1070,1157,1326,1069,1013,1214,856,1372,1273,148
978,1127,1244,1309,1059,1462,1208,886,1073,1259,1417,921,1415,892,1243,1060,879
688,1144,944,1207,1299,1152,1593,1233,1020,1472,980,926,1121,940,1232,1549,361
651,1270,754,1693,1110,1423,1133,934,1113,1362,1186,927,1408,862,1280,1142,540
1038,1476,769,1201,1178,1445,1187,946,1190,1467,1072,990,959,1010,1423,1169,351
860,1138,706,997,1183,1034,1651,1572,1149,1256,1029,981,936,1007,1355,1553,297
907,995,1048,975,1394,1264,1462,1235,1042,1171,1146,995,1370,985,1222,1349,333
1005,1152,909,1064,1119,1341,1236,1432,1115,1356,1240,1111,941,951,1377,1189,485
1117,1403,660,1278,926,1152,1341,984,1095,1329,1112,1013,991,974,1344,1422,307
966,1044,812,1315,1008,1687,1163,1124,1137,1386,1168,1059,1251,977,1255,1047,148
1688,1451,1141,1344,914,652,885,905,1023,1364,1096,1083,1042,964,1181,1527,991
1498,1452,1101,1125,842,1113,1205,886,1050,1515,1079,960,1060,945,1191,1480,390
653,1536,636,1709,1290,1465,1006,747,1091,1399,1216,1005,1374,982,1216,997,540
602,1485,909,1577,1147,1398,1148,821,958,1306,1390,931,1490,993,1062,1150,645
954,1542,891,1313,882,1592,1160,946,1094,1311,1295,992,1376,1017,1167,1028,472
1528,1473,873,1386,935,776,1213,1051,1222,1255,1308,991,1092,811,1294,1307,28
1146,1298,518,1274,1027,1390,1391,856,1215,1213,981,1121,925,1053,1487,1285,143
1493,1013,682,1413,1091,1194,1372,972,1077,1448,1494,921,1150,953,1268,969,783
864,1428,750,1106,1355,1146,1353,1257,986,1379,1013,979,1127,1039,1257,1494,361
959,1204,724,1157,1043,1284,1495,1363,1153,1363,986,997,996,977,1273,1507,297
1167,1215,802,1273,1090,1597,961,1010,1147,1318,1053,991,1285,997,1287,1202,148
916,1249,1279,1270,1001,1391,1173,1001,1103,1228,1357,906,1399,923,1208,1132,879
819,1626,618,1338,1046,1595,1199,736,1196,1438,1223,1002,1204,1062,1289,866,472
1365,1313,834,1251,1098,1298,1233,888,1096,1407,1053,1001,1159,954,1265,1345,390
805,1561,1015,1557,1211,1244,1007,810,1038,1302,1493,901,1468,938,1100,1040,645
1474,1255,821,1305,953,1350,1221,837,1241,1285,1022,1098,1033,999,1423,1178,28
1104,1022,1120,988,1233,1116,1435,1262,1082,1436,1286,946,1277,840,1182,1231,333
1266,1611,676,1326,1037,1106,1180,906,1150,1315,1128,949,1218,799,1368,1353,307
769,1132,564,1638,1355,1687,1162,754,1141,1389,996,984,1371,957,1309,1133,540
932,1617,908,1362,1146,882,1238,903,1057,1478,938,941,1003,903,1344,1600,351
1016,1044,606,1126,1049,1576,1414,1449,1109,1385,1328,1002,988,1008,1331,1129,485
1604,1431,963,1115,1142,821,1188,773,1046,1551,1014,1089,1006,931,1163,1480,991
990,1508,679,1215,1027,990,1513,1358,1140,1426,1067,923,913,905,1294,1605,297
1376,851,760,1417,1195,1246,1325,1008,1053,1459,1420,1058,1143,856,1331,960,783
984,1287,519,1296,1057,1736,1135,902,1254,1211,1161,1056,1119,978,1342,1159,148
1137,1103,518,1396,1057,1626,1590,827,1128,1392,1017,1133,855,1153,1483,1119,143
1060,1346,720,1115,1192,1039,1378,1336,1096,1326,1057,930,1048,898,1250,1621,361
891,1537,694,1297,1010,1590,1120,1091,1110,1366,1147,1070,1169,1039,1290,1089,472
690,1556,1140,1431,1087,1113,1166,1006,1021,1323,1510,904,1378,890,1174,1080,645
683,1710,560,1388,1122,1193,1504,920,1131,1458,950,955,1081,904,1514,1287,351
1087,1310,998,1323,1125,1484,989,889,1163,1312,1349,954,1264,984,1198,1056,879
1613,1277,1090,929,928,1057,1173,1083,1171,1361,1175,986,1096,858,1387,1246,390
763,1079,534,1597,1216,1744,1218,758,1202,1297,875,1071,1341,1041,1418,1035,540
928,1171,1018,1087,1309,1003,1519,1169,1078,1416,1134,964,1127,894,1271,1396,333
981,1282,701,1040,1119,1426,1213,1422,1065,1413,1384,1095,870,989,1288,1176,485
1180,1444,760,1345,897,1038,1396,710,1125,1237,1011,1032,1098,916,1393,1444,307
817,1341,730,1348,1110,1646,1060,914,1183,1249,1074,1010,1261,1065,1316,1122,148
1399,1324,858,1409,900,1002,1340,1048,1208,1305,1124,1057,981,917,1365,1323,28
1198,1201,692,1081,1014,947,1630,1517,1092,1287,983,885,1032,918,1366,1667,297
1413,1231,918,1154,925,1025,1337,1277,1043,1348,1174,1027,1133,956,1249,1350,390
1159,974,508,1359,1187,1562,1481,988,1150,1485,1246,1074,989,992,1412,924,783
967,1645,1110,1484,1041,809,1139,910,980,1293,1465,892,1376,931,1113,1230,645
680,1266,609,1222,1171,1594,1364,1232,1080,1368,1046,911,1125,976,1367,1407,361
1663,1538,884,1170,1080,743,906,978,1028,1414,982,1097,923,977,1256,1598,991
1020,1400,730,1412,1053,1613,1164,882,1106,1238,992,1106,963,1110,1399,1366,143
1029,836,1481,776,1377,998,1335,1362,1042,1299,1379,995,1165,867,1242,1291,333
629,1340,836,1475,1259,1744,1099,773,1098,1342,1108,1025,1333,978,1246,1150,540
923,1361,1184,1275,1043,1451,1110,933,1091,1242,1426,932,1270,981,1224,1114,879
655,1566,1251,1463,1260,1071,1047,914,1065,1365,1384,851,1319,973,1210,1113,645
1040,1572,724,1311,1157,1196,1247,924,1129,1443,926,1015,939,959,1514,1292,351
1073,1460,721,1214,1046,1524,1170,850,1133,1508,1165,1081,1079,1015,1262,1037,472
927,1151,870,1227,977,1703,1320,939,1132,1298,941,1087,1118,1031,1465,1208,148
1019,1237,574,1061,1000,1550,1227,1530,1166,1443,1217,1081,984,1031,1336,1022,485
1100,899,883,1436,1163,1356,1273,1103,1101,1321,1446,974,1133,952,1346,982,783
1657,985,1013,1132,998,997,1369,1081,1179,1233,948,1151,1032,880,1414,1443,28
1280,1601,755,1438,998,1149,1246,797,1080,1315,1137,932,1058,986,1378,1394,307
1488,1510,963,1295,1103,954,967,772,1070,1531,945,1035,978,983,1186,1531,991
923,1555,573,1264,1058,964,1506,1334,1112,1447,1026,967,946,939,1355,1487,297
804,1376,614,1380,1266,1609,1171,758,1152,1506,974,1152,1101,984,1514,897,540
1588,1188,1114,1137,974,1073,1087,994,1153,1440,1167,1044,1028,932,1305,1211,390
925,980,724,1333,1121,1744,1083,981,1184,1325,1112,1099,1306,983,1265,1006,148
824,1141,738,1211,1408,1302,1379,1277,1035,1418,869,883,1193,981,1211,1615,361
981,1188,585,1452,1130,1565,1325,840,1060,1561,1126,1007,937,1013,1177,1373,143
780,1350,888,1322,1215,1565,1098,1010,1129,1403,1149,1053,1165,964,1355,1062,879
742,1578,730,1474,1214,1363,1258,873,1160,1383,914,1030,1109,988,1423,1273,351
970,835,1517,847,1205,839,1493,1418,1022,1352,1199,1041,1352,874,1131,1309,333
1648,1439,1015,1197,908,876,1042,1022,1198,1211,1197,1047,1146,810,1288,1383,28
1489,924,768,1448,1044,1190,1241,1153,1068,1446,1538,980,1243,790,1271,912,783
1684,1284,1167,1158,1048,1099,912,615,974,1490,752,1126,1045,926,1145,1622,991
1306,1204,767,1280,1210,1204,1345,945,1024,1393,997,931,1108,924,1375,1499,307
879,1363,847,1382,1099,1602,1125,913,1092,1393,1281,1051,1332,945,1164,1022,472
1346,1392,667,1177,931,1199,1297,1234,1065,1431,954,1040,1015,940,1253,1582,297
482,1720,1013,1666,1300,1181,1127,685,976,1431,1305,957,1264,1102,1192,1053,645
887,1420,809,1019,1113,1104,1468,1324,987,1229,1078,982,1232,900,1254,1553,361
1138,1273,695,1099,943,1493,1020,1459,1098,1358,1468,1080,935,947,1321,1073,485
1026,1231,1111,1237,1082,1264,1251,994,1101,1296,1434,952,1175,850,1241,1231,879
684,1119,562,1301,1081,1666,1400,1014,1158,1232,948,1070,1180,1060,1299,1280,148
1502,1378,829,1067,942,1249,1177,988,1046,1411,1155,1020,1188,863,1066,1531,390
881,1234,689,1470,1331,1692,1037,705,1040,1531,1102,1014,1207,1002,1235,1149,540
1348,1107,1319,861,1089,852,1470,1234,1047,1291,1412,825,1261,894,1226,1324,333
1018,1665,786,1278,1037,1023,1339,1081,1179,1436,1052,933,1012,866,1442,1360,351
1089,1330,661,1239,1036,1709,1261,873,1054,1300,918,1175,1009,965,1249,1610,143
1358,872,1134,1219,1076,1347,1404,839,1116,1500,1361,1070,1070,865,1241,1045,783
1113,1704,1028,1330,885,1104,1401,666,1142,1367,1076,1001,1040,974,1353,1327,307
1619,1047,904,1344,1027,1155,1205,918,1180,1328,938,995,1039,847,1386,1502,28
1057,1288,849,1079,1109,1053,1483,1320,1025,1296,1144,993,1190,915,1125,1592,361
1517,1525,1190,1173,1047,653,1035,672,1091,1460,975,1054,970,1038,1245,1447,991
982,1126,644,1094,937,1514,1291,1529,1155,1455,1168,1113,840,919,1378,1252,485
937,1487,877,1239,1141,1440,1157,975,1132,1368,1260,1053,1261,940,1213,1053,472
898,1322,719,1174,1023,933,1486,1418,1139,1407,1028,1002,913,985,1354,1452,297
829,900,584,1285,933,1638,1541,1101,1185,1473,1016,1058,1141,904,1343,1160,148
694,1733,915,1271,1125,1048,1404,885,1045,1496,1572,804,1269,877,1041,1176,645
671,1331,805,1296,929,1681,1431,873,1065,1254,1319,977,1384,1006,1260,998,879
1590,1281,1114,1186,892,737,1230,1018,1143,1351,1178,1049,1058,829,1162,1510,28
1546,1511,1027,1104,1269,800,987,765,949,1511,1168,1007,1037,916,1173,1514,991
1285,1520,969,1209,997,825,1335,799,1016,1410,1165,999,961,910,1382,1437,307
1288,1248,897,1206,1028,1263,1255,1095,1182,1487,1027,958,1082,876,1300,1368,390
1064,1418,794,1045,1227,1042,1363,1295,1041,1303,1068,951,1025,917,1283,1627,361
606,1206,674,1604,1202,1582,1124,1024,1111,1351,1041,983,1412,879,1354,1149,540
1197,595,1370,1019,1179,1222,1389,1215,1054,1318,1160,953,1271,910,1236,1375,333
1025,1449,593,1164,956,963,1598,1452,1039,1379,1073,1016,1001,954,1250,1496,297
1065,1201,755,1018,887,1610,1120,1430,1028,1380,1256,1112,1049,1010,1245,1200,485
804,1740,565,1265,1121,1167,1266,976,1168,1582,1039,996,957,739,1501,1298,351
839,1507,1059,1481,1265,1131,1107,804,1031,1416,1389,897,1282,991,1063,1211,645
1347,816,686,1311,1107,1492,1476,946,1067,1343,1441,1081,1097,855,1381,981,783
971,1029,691,1280,921,1568,1573,994,1108,1386,1080,1163,858,1050,1383,1252,143
999,1617,954,1333,849,1329,1315,868,1099,1373,1166,1028,1264,995,1193,1162,472
1540,1305,1102,1092,875,1135,1233,945,1040,1328,1247,873,1251,988,1226,1327,390
642,1432,719,1388,1285,1624,1161,876,1069,1415,1287,926,1395,851,1168,1169,540
734,1402,664,1143,1133,1620,1406,962,1197,1480,1047,1038,1091,985,1304,1138,148
1281,985,767,1380,984,1473,1181,1000,1071,1448,1467,1061,1114,837,1283,999,783
1384,1325,620,1299,978,1161,1509,780,962,1334,1076,1144,979,1090,1385,1310,307
885,1274,729,1165,1140,1251,1544,1227,1122,1265,983,869,1143,960,1416,1522,361
922,1523,602,1204,1072,1000,1481,1414,1067,1419,989,928,1010,894,1344,1594,297
1744,1587,937,1161,954,695,1208,698,937,1433,1084,1027,997,1061,1251,1490,991
977,1101,959,936,1260,1193,1617,1138,1098,1386,1089,981,1195,889,1451,1169,333
720,1652,933,1537,1100,1256,1164,801,993,1450,1480,876,1345,870,1161,1105,645
1704,1257,894,1356,975,779,1273,1012,1091,1152,1221,956,1365,818,1130,1547,28
889,1478,640,1334,1136,1258,1456,928,1153,1550,902,977,990,844,1392,1433,351
929,1193,826,1107,966,1607,1108,1434,1116,1355,1333,1030,957,900,1404,1185,485
1048,1372,1114,1245,1079,1488,993,941,1072,1255,1378,963,1296,941,1177,1198,879
1236,1561,869,1155,926,1311,1167,865,1069,1359,1459,1020,1337,863,1066,1107,472
1686,1133,1126,1062,951,992,1178,1149,1035,1367,1376,948,1334,828,1049,1343,390
864,853,836,1358,1106,1705,1391,957,1027,1448,1204,1034,977,1018,1285,1287,143
1236,1157,717,1300,1189,1194,1273,1214,1029,1408,1443,1148,1081,861,1300,977,783
710,1675,1146,1341,1336,1050,1092,784,958,1456,1433,903,1272,885,1093,1257,645
1128,1386,758,1104,1007,909,1476,1440,1094,1356,956,979,1058,947,1218,1608,297
1023,1371,753,1249,1069,1726,1159,833,1118,1418,1243,1050,1147,1011,1239,1054,472
1069,1167,1003,984,1145,1004,1562,1210,1093,1311,1017,1036,1091,948,1377,1407,361
658,1159,729,1508,1125,1658,1244,947,1111,1446,1306,928,1258,1011,1237,973,148
1151,1624,945,1225,895,1129,1247,812,1098,1287,1066,1044,1033,937,1320,1495,307
1575,1531,725,1194,1160,862,1286,849,1102,1359,1324,948,1084,861,1279,1323,28
1572,1653,1027,1153,997,825,1165,671,1036,1422,977,1063,1099,881,1239,1561,991
882,899,1192,1138,1024,1534,1331,1081,1061,1258,1284,959,1450,919,1116,1227,879
856,785,1404,848,1342,1170,1496,1253,991,1383,1151,948,1306,820,1244,1437,333
764,1670,591,1278,1020,1360,1244,1050,1095,1480,1115,1050,1020,928,1374,1218,351
1024,959,780,1120,946,1611,1343,1480,1070,1444,1330,1067,961,900,1283,1223,485
628,1459,645,1673,1165,1642,1103,789,1064,1428,1104,955,1379,947,1336,1067,540
1655,1400,1097,954,1145,1081,993,913,1068,1488,1320,986,1108,875,1233,1202,390
1122,1070,772,1141,1177,1468,1442,853,1132,1447,935,1126,944,1001,1346,1263,143
1534,1256,543,1392,1007,1225,1392,840,1175,1408,1432,1079,1070,843,1324,949,783
1034,1092,1163,1121,1134,1343,1185,1031,1070,1361,1324,887,1233,837,1091,1449,879
1124,1185,971,1084,1015,1035,1496,1276,1024,1207,1005,1052,1193,923,1261,1587,361
1664,1055,1066,1207,849,917,1149,1061,1141,1201,1256,962,1237,872,1138,1473,28
1406,1436,1095,1256,872,1053,1290,851,1053,1238,1214,911,1195,831,1200,1531,307
784,1744,955,1462,1167,926,1219,685,1040,1356,1510,906,1297,921,1187,1044,645
1195,1087,778,1150,955,1454,1165,1409,1121,1457,1422,1134,1009,942,1226,969,485
1193,1172,792,1129,931,835,1686,1493,1115,1357,980,868,1042,916,1284,1603,297
1681,1502,1103,1021,946,668,1110,793,984,1412,986,985,1014,895,1232,1700,991
932,1394,692,1505,1360,1533,1058,557,1074,1552,1257,1088,1245,952,1219,893,540
867,1651,656,1322,1131,1133,1309,927,1164,1461,1027,1001,1036,895,1370,1326,351
1160,1463,1000,1227,945,1437,1152,817,1062,1333,1350,1020,1354,946,1191,1024,472
1060,1029,864,1282,914,1634,1265,962,1154,1272,1116,1022,1266,979,1402,1069,148
1104,774,1227,939,1294,1143,1443,1356,1109,1325,1138,944,1166,885,1268,1445,333
1136,1577,851,1291,903,1313,1210,935,1008,1393,1241,1030,1020,991,1295,1302,307
1344,895,720,1240,1188,1479,1319,1009,1031,1497,1470,988,1188,916,1237,953,783
775,1448,1306,1216,1103,889,1255,1149,991,1374,1486,934,1265,878,1062,1258,645
1430,1246,981,1074,1096,1425,1223,709,1127,1452,1185,926,1155,895,1150,1390,390
953,1646,861,1246,1138,1523,1121,700,1119,1450,1187,1047,1191,1028,1183,1075,472
1472,1101,931,1371,921,1128,1066,1164,1182,1144,1052,1119,1050,821,1409,1503,28
1113,936,1058,1250,1184,1543,1079,1005,1187,1279,1480,988,1257,908,1258,923,879
1739,1456,843,1152,1122,896,1020,772,948,1575,998,1132,931,952,1158,1549,991
722,931,1264,984,1354,1451,1333,1169,1126,1410,1089,1055,1290,898,1160,1252,333
1094,1156,714,1201,948,1434,1430,1294,1047,1321,1066,969,998,1030,1290,1559,297
1277,1250,853,1094,871,1248,1065,1477,1120,1350,1433,1036,937,994,1318,1085,485
867,1662,963,1280,1185,915,1124,999,1115,1431,1018,889,1062,893,1351,1520,351
761,977,817,1498,1251,1644,1277,809,1138,1427,1116,1012,1259,981,1177,1170,540
931,1149,612,1217,1065,1744,1280,951,1289,1418,931,1115,1047,1030,1425,1025,148
793,1626,1248,1390,1151,1074,1163,694,1044,1354,1555,854,1469,977,986,1041,645
721,943,805,1150,1215,1298,1527,1537,1092,1272,893,928,1133,915,1430,1602,361
1231,1207,830,1316,850,1423,1355,809,1163,1197,1083,1112,958,979,1316,1430,143
1511,1473,1001,1102,1038,963,1233,952,1129,1492,1180,929,1119,948,1180,1303,390
1159,1336,844,1315,1216,1147,1376,788,1105,1407,1048,1003,1170,903,1266,1371,307
1468,1554,1198,1138,1215,762,901,711,999,1573,922,1096,1027,901,1193,1516,991
1305,870,1023,1220,1053,1408,1271,807,1158,1430,1380,1023,1203,808,1233,900,783
813,1258,1117,1405,1044,1678,906,950,1166,1246,1297,1008,1361,938,1249,1015,879
811,1463,976,1469,1113,1477,952,837,1156,1365,1295,980,1318,960,1229,977,472
1091,1491,889,1169,1279,1221,1212,789,1178,1483,878,1077,979,896,1476,1313,351
977,1035,1172,877,1512,1037,1527,1143,1033,1340,922,1049,1179,931,1282,1528,333
620,1251,622,1577,1276,1672,1317,818,1163,1419,1116,1017,1236,890,1370,1069,540
1282,1476,1182,1308,1088,826,1067,837,1223,1285,1164,1007,1162,855,1292,1292,28
1284,1402,660,1093,980,1082,1374,1363,1167,1290,983,1034,929,958,1311,1603,297
824,1645,803,1124,1237,1066,1373,1145,1091,1359,1028,878,1215,964,1212,1494,361
1272,1072,824,981,1051,1411,1256,1413,1124,1380,1276,1130,907,952,1465,1046,485
1693,1330,1248,975,1003,802,968,773,1007,1391,929,1114,1032,976,1248,1543,991
713,1639,1146,1441,1028,1330,972,844,1064,1311,1487,1000,1334,1001,1172,911,645
1229,1397,683,1314,1185,1281,1153,764,1024,1420,1255,1000,1075,914,1252,1340,307
829,1160,782,1342,1038,1740,1023,962,1215,1284,1014,1083,1242,1013,1463,966,148
1490,1269,937,1213,1141,1100,988,946,1013,1371,1192,1018,1149,965,1266,1306,390
1692,1371,866,1387,813,692,1119,1026,1196,1215,1259,1084,1094,977,1242,1213,28
854,1420,714,1337,1373,1249,1307,948,1035,1489,998,986,1098,864,1387,1368,351
872,1231,824,1352,1008,1583,1363,774,1060,1413,1181,1024,1268,985,1197,1152,472
897,1321,556,1497,1292,1612,1102,939,1158,1484,1122,1059,1170,879,1382,1026,540
1481,896,1008,1250,959,1362,1230,1094,1064,1424,1530,968,1280,840,1202,956,783
1055,1269,1008,1364,1041,1524,1042,902,1089,1251,1480,898,1532,814,1208,981,879
1209,1397,685,1360,932,1483,1275,788,1185,1367,997,1087,994,1025,1298,1327,143
1015,1098,1111,941,1340,1108,1586,1081,1073,1255,1029,946,1275,926,1393,1383,333
